<div id="modelDiv" style="left:150px;position:absolute;">
<div id="0" style="background-size: 100% 100%; width: 20.563248px; height: 7.867549px; position: absolute; -webkit-transform: translate3d(-50%,-50%,0px) matrix3d(-0.9998421171836616, 0.0, 0.017619751781184013, 0.0, 0.0, 0.9999937741912979, 0.003504340682186067, 0.0, -0.01761964149773121, 0.0035048951394855976, -0.9998358488082886, 0.0, -8.429353713989258, 4.3727216720581055, -2.3842313289642334, 1.0);"></div>
<div id="1" style="background-size: 100% 100%; width: 2.371603px; height: 8.846468px; position: absolute; -webkit-transform: translate3d(-50%,-50%,0px) matrix3d(-0.9958156507807268, 0.0, 0.09069793483246248, 0.0, 0.001665055647592062, 0.9998347986956311, 0.017962754817637296, 0.0, -0.09068287909030914, 0.018038608133792877, -0.995651125907898, 0.0, -17.748130798339844, 4.82229471206665, -2.181560754776001, 1.0);"></div>
<div id="2" style="background-size: 100% 100%; width: 2.5657845px; height: 8.846469px; position: absolute; -webkit-transform: translate3d(-50%,-50%,0px) matrix3d(-0.9958173037796098, 0.0, 0.09067792485406637, 0.0, 0.0016650039445786913, 0.999834763790778, 0.017964480944718482, 0.0, -0.0906628668308258, 0.01804032176733017, -0.9956527948379517, 0.0, -19.298995971679688, 4.832810878753662, -2.0401430130004883, 1.0);"></div>
<div id="3" style="background-size: 100% 100%; width: 1.9660168px; height: 9.650566px; position: absolute; -webkit-transform: translate3d(-50%,-50%,0px) matrix3d(-0.9853985871531182, 0.0, 0.16927124409110783, 0.0, 0.0057820285909559455, 0.999426580616594, 0.033168160391731316, 0.0, -0.16917361319065094, 0.0336625836789608, -0.9848335981369019, 0.0, -19.78293800354004, 5.19749641418457, -1.972497820854187, 1.0);"></div>
<div id="4" style="background-size: 100% 100%; width: 2.1212006px; height: 9.650566px; position: absolute; -webkit-transform: translate3d(-50%,-50%,0px) matrix3d(-0.985376021092804, 0.0, 0.16940428611257868, 0.0, 0.005786049438824659, 0.9994266965194644, 0.03316427338296414, 0.0, -0.16930659115314484, 0.03365946188569069, -0.9848111867904663, 0.0, -21.46335220336914, 5.2093729972839355, -1.683337926864624, 1.0);"></div>
<div id="5" style="background-size: 100% 100%; width: 1.8492222px; height: 10.311724px; position: absolute; -webkit-transform: translate3d(-50%,-50%,0px) matrix3d(-0.9646122077756082, 0.0, 0.26260197638145033, 0.0, 0.013844851042263573, 0.998628936299305, 0.05027886007646654, 0.0, -0.2622397243976593, 0.05213529244065285, -0.9632902145385742, 0.0, -21.563987731933594, 5.503502368927002, -1.647386074066162, 1.0);"></div>
<div id="6" style="background-size: 100% 100%; width: 1.9772301px; height: 10.311721px; position: absolute; -webkit-transform: translate3d(-50%,-50%,0px) matrix3d(-0.964720931691403, 0.0, 0.262203180445366, 0.0, 0.013821752271274412, 0.9986293279974524, 0.050276356329934366, 0.0, -0.2618415951728821, 0.05212675780057907, -0.9633991718292236, 0.0, -23.11358642578125, 5.5165252685546875, -1.2252576351165771, 1.0);"></div>
<div id="7" style="background-size: 100% 100%; width: 1.9062328px; height: 10.861512px; position: absolute; -webkit-transform: translate3d(-50%,-50%,0px) matrix3d(-0.9303051292252237, 0.0, 0.36591090618740557, 0.0, 0.026791190054367142, 0.9973448135774895, 0.06755509209265342, 0.0, -0.36493349075317383, 0.07265004515647888, -0.9278373718261719, 0.0, -23.104597091674805, 5.7544169425964355, -1.2066222429275513, 1.0);"></div>
<div id="8" style="background-size: 100% 100%; width: 2.0035763px; height: 10.8615265px; position: absolute; -webkit-transform: translate3d(-50%,-50%,0px) matrix3d(-0.9301697849531221, 0.0, 0.36625436123590027, 0.0, 0.026822620164763555, 0.997343564838945, 0.06756123040218567, 0.0, -0.3652755618095398, 0.07266733050346375, -0.9277012348175049, 0.0, -24.375146865844727, 5.768351078033447, -0.7056162357330322, 1.0);"></div>
<div id="9" style="background-size: 100% 100%; width: 1.9061184px; height: 11.325964px; position: absolute; -webkit-transform: translate3d(-50%,-50%,0px) matrix3d(-0.8852110142186145, 0.0, 0.4647080518109311, 0.0, 0.04298931753045093, 0.995745301473834, 0.08142148022039665, 0.0, -0.46271950006484985, 0.09205267578363419, -0.8814506530761719, 0.0, -24.36457633972168, 5.9631428718566895, -0.6875497698783875, 1.0);"></div>
<div id="10" style="background-size: 100% 100%; width: 1.9831314px; height: 11.325988px; position: absolute; -webkit-transform: translate3d(-50%,-50%,0px) matrix3d(-0.8850416698736174, 0.0, 0.46503104888304514, 0.0, 0.043028939821815326, 0.9957433101328728, 0.08142493271432627, 0.0, -0.46304020285606384, 0.09207424521446228, -0.8812803030014038, 0.0, -25.42880630493164, 5.977807998657227, -0.12716852128505707, 1.0);"></div>
<div id="11" style="background-size: 100% 100%; width: 1.8791103px; height: 11.733485px; position: absolute; -webkit-transform: translate3d(-50%,-50%,0px) matrix3d(-0.8389065211504924, 0.0, 0.5442175141411306, 0.0, 0.058719927510913705, 0.9941946628249384, 0.09015081480339271, 0.0, -0.5410410761833191, 0.10758450627326965, -0.8340475559234619, 0.0, -25.417062759399414, 6.144934177398682, -0.11032937467098236, 1.0);"></div>
<div id="12" style="background-size: 100% 100%; width: 1.9443073px; height: 11.733468px; position: absolute; -webkit-transform: translate3d(-50%,-50%,0px) matrix3d(-0.8390163491893867, 0.0, 0.5440469885516493, 0.0, 0.05869489731661143, 0.9941960223221538, 0.09015189947104735, 0.0, -0.5408722758293152, 0.10757170617580414, -0.8341578245162964, 0.0, -26.341514587402344, 6.160189151763916, 0.49116387963294983, 1.0);"></div>
<div id="13" style="background-size: 100% 100%; width: 1.8776798px; height: 12.104245px; position: absolute; -webkit-transform: translate3d(-50%,-50%,0px) matrix3d(-0.8104444108604419, 0.0, 0.5860066721156856, 0.0, 0.06796860714471203, 0.9932814611280318, 0.09369073456045533, 0.0, -0.5820490717887878, 0.1157611832022667, -0.8050142526626587, 0.0, -26.329450607299805, 6.312683582305908, 0.5069039463996887, 1.0);"></div>
<div id="14" style="background-size: 100% 100%; width: 1.933548px; height: 12.104297px; position: absolute; -webkit-transform: translate3d(-50%,-50%,0px) matrix3d(-0.8101162053018317, 0.0, 0.5864634604750539, 0.0, 0.06804211295448992, 0.9932773116266551, 0.09368203114556638, 0.0, -0.5825003385543823, 0.11579753458499908, -0.8046848773956299, 0.0, -27.18499183654785, 6.328448295593262, 1.1281646490097046, 1.0);"></div>
<div id="15" style="background-size: 100% 100%; width: 2.4755821px; height: 12.685221px; position: absolute; -webkit-transform: translate3d(-50%,-50%,0px) matrix3d(-0.49666497440156004, 0.0, 0.8698991235816177, 0.0, 0.1477788698395739, 0.9854401319434427, 0.08426798843392933, 0.0, -0.8571974635124207, 0.17040565609931946, -0.4894968271255493, 0.0, -27.45270347595215, 6.5370001792907715, 1.6752207279205322, 1.0);"></div>
<div id="16" style="background-size: 100% 100%; width: 2.523799px; height: 12.685416px; position: absolute; -webkit-transform: translate3d(-50%,-50%,0px) matrix3d(-0.4974348392478005, 0.0, 0.8694561326020118, 0.0, 0.14777992826143066, 0.9854250543755714, 0.08444269895771489, 0.0, -0.8567477464675903, 0.17049291729927063, -0.4902479648590088, 0.0, -28.012277603149414, 6.5531392097473145, 2.6620357036590576, 1.0);"></div>
<div id="17" style="background-size: 100% 100%; width: 1.7303829px; height: 12.95759px; position: absolute; -webkit-transform: translate3d(-50%,-50%,0px) matrix3d(-0.3629515654562711, 0.0, 0.9340297813006226, 0.0, 0.17004757839950685, 0.9832398492613688, 0.06590754681072072, 0.0, -0.918345034122467, 0.18275074660778046, -0.35694658756256104, 0.0, -28.436965942382812, 6.649352073669434, 3.561243772506714, 1.0);"></div>
<div id="18" style="background-size: 100% 100%; width: 1.7466106px; height: 12.957367px; position: absolute; -webkit-transform: translate3d(-50%,-50%,0px) matrix3d(-0.3615770123996977, 0.0, 0.9345658111542968, 0.0, 0.17005953346086905, 0.9832567633599129, 0.06562313352041138, 0.0, -0.9188879728317261, 0.18265964090824127, -0.3556011915206909, 0.0, -28.740039825439453, 6.666064262390137, 4.3546833992004395, 1.0);"></div>
<div id="19" style="background-size: 100% 100%; width: 1.6595116px; height: 13.071699px; position: absolute; -webkit-transform: translate3d(-50%,-50%,0px) matrix3d(-0.13273451426121274, 0.0, 0.9933546374899146, 0.0, 0.19165279740168978, 0.9811384381630806, 0.025287438962220105, 0.0, -0.9746072888374329, 0.19373570382595062, -0.13031506538391113, 0.0, -28.9581298828125, 6.689061641693115, 5.341888427734375, 1.0);"></div>
<div id="20" style="background-size: 100% 100%; width: 1.6617947px; height: 13.071791px; position: absolute; -webkit-transform: translate3d(-50%,-50%,0px) matrix3d(-0.13309196715712227, 0.0, 0.9933069961743538, 0.0, 0.1916784766973671, 0.9811315140969271, 0.02536109757292815, 0.0, -0.974553644657135, 0.19377091526985168, -0.13066494464874268, 0.0, -28.995468139648438, 6.706053733825684, 5.650549411773682, 1.0);"></div>
<div id="21" style="background-size: 100% 100%; width: 103.12261px; height: 13.14231px; position: absolute; -webkit-transform: translate3d(-50%,-50%,0px) matrix3d(-0.0036397098255901428, 0.0, 1.0019957149621292, 0.0, 0.19501183459860807, 0.9808008381254611, 0.0, 0.0, -0.982758104801178, 0.19540221989154816, -0.0036460161209106445, 0.0, -29.155902862548828, 6.719541072845459, 54.80409622192383, 1.0);"></div>
<div id="22" style="background-size: 100% 100%; width: 103.122635px; height: 13.142727px; position: absolute; -webkit-transform: translate3d(-50%,-50%,0px) matrix3d(-0.0036597063202451624, 0.0, 1.001995711810141, 0.0, 0.1951637324408093, 0.9807706028427963, 0.0, 0.0, -0.9827278256416321, 0.1955544352531433, -0.0036655664443969727, 0.0, -29.15227508544922, 6.736630916595459, 54.67066955566406, 1.0);"></div>
<div id="23" style="background-size: 100% 100%; width: 3.1937485px; height: 13.137737px; position: absolute; -webkit-transform: translate3d(-50%,-50%,0px) matrix3d(0.13962026365999938, 0.0, 0.9918800348535759, 0.0, 0.19139076773088137, 0.981134406398085, -0.027338633843864063, 0.0, -0.9731760621070862, 0.19365370273590088, 0.13692712783813477, 0.0, -29.049877166748047, 6.719661235809326, 104.52436065673828, 1.0);"></div>
<div id="24" style="background-size: 100% 100%; width: 3.193428px; height: 12.982384px; position: absolute; -webkit-transform: translate3d(-50%,-50%,0px) matrix3d(0.1394999275547277, 0.0, 0.9918972973640395, 0.0, 0.19142247539846655, 0.9811287156201702, -0.027319394198922764, 0.0, -0.9731873869895935, 0.1936824917793274, 0.13680821657180786, 0.0, -29.061012268066406, 6.664863109588623, 104.52259063720703, 1.0);"></div>
<div id="25" style="background-size: 100% 100%; width: 3.2878265px; height: 12.981293px; position: absolute; -webkit-transform: translate3d(-50%,-50%,0px) matrix3d(0.15441407913698826, 0.0, 0.9896427315048899, 0.0, 0.19057962243869883, 0.9812107127098869, -0.030131872564245432, 0.0, -0.9710570573806763, 0.19325852394104004, 0.151455819606781, 0.0, -28.663820266723633, 6.648114204406738, 107.18875122070312, 1.0);"></div>
<div id="26" style="background-size: 100% 100%; width: 3.2904968px; height: 12.804805px; position: absolute; -webkit-transform: translate3d(-50%,-50%,0px) matrix3d(0.15548423329107536, 0.0, 0.9894722080104266, 0.0, 0.19028335042586983, 0.9812631818720203, -0.030295873702475634, 0.0, -0.9709416627883911, 0.19299061596393585, 0.15251433849334717, 0.0, -28.6768856048584, 6.583681106567383, 107.18748474121094, 1.0);"></div>
<div id="27" style="background-size: 100% 100%; width: 3.4732208px; height: 12.802408px; position: absolute; -webkit-transform: translate3d(-50%,-50%,0px) matrix3d(0.18426796055496478, 0.0, 0.984433177382408, 0.0, 0.18840636947844572, 0.9814457295442587, -0.035655790909336404, 0.0, -0.9661776423454285, 0.19204369187355042, 0.18079668283462524, 0.0, -28.2029972076416, 6.567209720611572, 109.9266128540039, 1.0);"></div>
<div id="28" style="background-size: 100% 100%; width: 3.4730377px; height: 12.5834px; position: absolute; -webkit-transform: translate3d(-50%,-50%,0px) matrix3d(0.18419214924820057, 0.0, 0.9844475671893939, 0.0, 0.1884291847321397, 0.9814417214615324, -0.03564536381401592, 0.0, -0.9661878347396851, 0.19206424057483673, 0.1807214617729187, 0.0, -28.21987533569336, 6.482482433319092, 109.92636108398438, 1.0);"></div>
<div id="29" style="background-size: 100% 100%; width: 3.7461395px; height: 12.579472px; position: absolute; -webkit-transform: translate3d(-50%,-50%,0px) matrix3d(0.2242291276623406, 0.0, 0.9759838726110369, 0.0, 0.1852923245105101, 0.9817472727239109, -0.04294763748451638, 0.0, -0.9581801891326904, 0.19047242403030396, 0.22009027004241943, 0.0, -27.620712280273438, 6.466386795043945, 112.78579711914062, 1.0);"></div>
<div id="30" style="background-size: 100% 100%; width: 3.7442474px; height: 12.297392px; position: absolute; -webkit-transform: translate3d(-50%,-50%,0px) matrix3d(0.2234374154119046, 0.0, 0.9761679216924328, 0.0, 0.18555861409318047, 0.981701201812277, -0.04285071817366101, 0.0, -0.958315908908844, 0.19071081280708313, 0.21930253505706787, 0.0, -27.643075942993164, 6.351871013641357, 112.7873306274414, 1.0);"></div>
<div id="31" style="background-size: 100% 100%; width: 4.0917435px; height: 12.292184px; position: absolute; -webkit-transform: translate3d(-50%,-50%,0px) matrix3d(0.2685123823882181, 0.0, 0.9645984827226185, 0.0, 0.18130133695551326, 0.9821169311630151, -0.050825864720658503, 0.0, -0.9473593831062317, 0.18853037059307098, 0.2636716961860657, 0.0, -26.870344161987305, 6.3362555503845215, 115.81800079345703, 1.0);"></div>
<div id="32" style="background-size: 100% 100%; width: 4.0925674px; height: 11.92789px; position: absolute; -webkit-transform: translate3d(-50%,-50%,0px) matrix3d(0.2688767077210704, 0.0, 0.9644957823829425, 0.0, 0.1811622039078091, 0.982140843956157, -0.05086014276728576, 0.0, -0.947281539440155, 0.18840529024600983, 0.26403605937957764, 0.0, -26.899517059326172, 6.183609962463379, 115.8222427368164, 1.0);"></div>
<div id="33" style="background-size: 100% 100%; width: 4.4976654px; height: 11.921708px; position: absolute; -webkit-transform: translate3d(-50%,-50%,0px) matrix3d(0.3153809423710402, 0.0, 0.950152229155479, 0.0, 0.17594763601519933, 0.9826503297525077, -0.0587309474960091, 0.0, -0.9336777925491333, 0.18569965660572052, 0.3098781108856201, 0.0, -25.902639389038086, 6.168601036071777, 119.0710678100586, 1.0);"></div>
<div id="34" style="background-size: 100% 100%; width: 4.4984436px; height: 11.455822px; position: absolute; -webkit-transform: translate3d(-50%,-50%,0px) matrix3d(0.3157403685716175, 0.0, 0.9500316310802337, 0.0, 0.1757896716473028, 0.9826773711412097, -0.05875188934580547, 0.0, -0.9335849285125732, 0.185556098818779, 0.3102399706840515, 0.0, -25.939781188964844, 5.968277931213379, 119.07913208007812, 1.0);"></div>
<div id="35" style="background-size: 100% 100%; width: 4.9664536px; height: 11.448929px; position: absolute; -webkit-transform: translate3d(-50%,-50%,0px) matrix3d(0.3623253720743334, 0.0, 0.9331021443274007, 0.0, 0.16972836227142718, 0.9832700140224135, -0.0661982117336883, 0.0, -0.917500376701355, 0.18235918879508972, 0.35624057054519653, 0.0, -24.668060302734375, 5.954048156738281, 122.59300994873047, 1.0);"></div>
<div id="36" style="background-size: 100% 100%; width: 4.9650116px; height: 10.8571825px; position: absolute; -webkit-transform: translate3d(-50%,-50%,0px) matrix3d(0.36164495131730734, 0.0, 0.9333683627754129, 0.0, 0.17007604753064742, 0.9832103625037811, -0.06619194208113605, 0.0, -0.9177065491676331, 0.1826815903186798, 0.355549693107605, 0.0, -24.71454429626465, 5.694116115570068, 122.60628509521484, 1.0);"></div>
<div id="37" style="background-size: 100% 100%; width: 6.214493px; height: 10.854875px; position: absolute; -webkit-transform: translate3d(-50%,-50%,0px) matrix3d(0.37671002628961864, 0.0, 0.9273398819690865, 0.0, 0.16793737222661942, 0.9834199226015061, -0.0685015812047799, 0.0, -0.9119730591773987, 0.18154025077819824, 0.3704432249069214, 0.0, -23.040498733520508, 5.680937767028809, 126.80577087402344, 1.0);"></div>
<div id="38" style="background-size: 100% 100%; width: 6.2153473px; height: 10.051043px; position: absolute; -webkit-transform: translate3d(-50%,-50%,0px) matrix3d(0.37714085911182643, 0.0, 0.927163211180788, 0.0, 0.16764896040685956, 0.9834710195198729, -0.06847449583440615, 0.0, -0.9118466377258301, 0.18126247823238373, 0.37088632583618164, 0.0, -23.104095458984375, 5.322287559509277, 126.82493591308594, 1.0);"></div>
<div id="39" style="background-size: 100% 100%; width: 7.8945847px; height: 10.053649px; position: absolute; -webkit-transform: translate3d(-50%,-50%,0px) matrix3d(0.3586411006315713, 0.0, 0.9345366110297401, 0.0, 0.1702625915915583, 0.983215263125177, -0.06563666644305963, 0.0, -0.9188598394393921, 0.18265663087368011, 0.35259759426116943, 0.0, -20.917587280273438, 5.310446739196777, 132.36732482910156, 1.0);"></div>
<div id="40" style="background-size: 100% 100%; width: 7.8943176px; height: 9.036823px; position: absolute; -webkit-transform: translate3d(-50%,-50%,0px) matrix3d(0.35848597128523607, 0.0, 0.9345966909058172, 0.0, 0.17040371841628218, 0.9831893758902003, -0.06565851584901729, 0.0, -0.9188947081565857, 0.1827964186668396, 0.35243576765060425, 0.0, -21.000164031982422, 4.851620674133301, 132.38978576660156, 1.0);"></div>
<div id="41" style="background-size: 100% 100%; width: 9.109665px; height: 9.039942px; position: absolute; -webkit-transform: translate3d(-50%,-50%,0px) matrix3d(0.33233050477143194, 0.0, 0.9443009361169798, 0.0, 0.17387428487678924, 0.9828496955979427, -0.06150848907568815, 0.0, -0.9281158447265625, 0.18463079631328583, 0.3266028165817261, 0.0, -18.438949584960938, 4.841240882873535, 139.35989379882812, 1.0);"></div>
<div id="42" style="background-size: 100% 100%; width: 9.110001px; height: 7.9254475px; position: absolute; -webkit-transform: translate3d(-50%,-50%,0px) matrix3d(0.3325560192773966, 0.0, 0.9442206128252352, 0.0, 0.17361012518424918, 0.9828992984178752, -0.06146209891152024, 0.0, -0.9280837178230286, 0.18436585366725922, 0.32684099674224854, 0.0, -18.53180694580078, 4.336240291595459, 139.38134765625, 1.0);"></div>
<div id="43" style="background-size: 100% 100%; width: 9.872894px; height: 7.9287043px; position: absolute; -webkit-transform: translate3d(-50%,-50%,0px) matrix3d(0.2983334291411454, 0.0, 0.9556980714734843, 0.0, 0.17775008122586095, 0.982495008526868, -0.055826310221077785, 0.0, -0.9389791488647461, 0.18653026223182678, 0.29307740926742554, 0.0, -15.85965347290039, 4.327303886413574, 147.42066955566406, 1.0);"></div>
<div id="44" style="background-size: 100% 100%; width: 9.872513px; height: 6.824946px; position: absolute; -webkit-transform: translate3d(-50%,-50%,0px) matrix3d(0.2980401836408103, 0.0, 0.9557906215244639, 0.0, 0.17817478915458101, 0.98241390419719, -0.05589990251697974, 0.0, -0.9389926195144653, 0.1869582086801529, 0.29276490211486816, 0.0, -15.953971862792969, 3.8255696296691895, 147.4376678466797, 1.0);"></div>
<div id="45" style="background-size: 100% 100%; width: 10.21196px; height: 6.8282213px; position: absolute; -webkit-transform: translate3d(-50%,-50%,0px) matrix3d(0.2525034645723673, 0.0, 0.9689638659697299, 0.0, 0.18299025436460356, 0.9819430581246293, -0.04805152953549213, 0.0, -0.9514782428741455, 0.18944412469863892, 0.24790245294570923, 0.0, -13.443660736083984, 3.817913770675659, 156.1875, 1.0);"></div>
<div id="46" style="background-size: 100% 100%; width: 10.212082px; height: 5.847869px; position: absolute; -webkit-transform: translate3d(-50%,-50%,0px) matrix3d(0.25258501782433834, 0.0, 0.9689424368549511, 0.0, 0.1828495769493404, 0.9819702190582965, -0.04803113617845828, 0.0, -0.9514835476875305, 0.18930265307426453, 0.24798941612243652, 0.0, -13.529862403869629, 3.3725509643554688, 156.19692993164062, 1.0);"></div>
<div id="47" style="background-size: 100% 100%; width: 10.147125px; height: 5.850931px; position: absolute; -webkit-transform: translate3d(-50%,-50%,0px) matrix3d(0.19080460369505042, 0.0, 0.9831675887795992, 0.0, 0.18810790484673268, 0.9814572908907611, -0.03689457176892011, 0.0, -0.9649471044540405, 0.1919812560081482, 0.1872151494026184, 0.0, -11.448341369628906, 3.365870714187622, 165.2996063232422, 1.0);"></div>
<div id="48" style="background-size: 100% 100%; width: 10.147308px; height: 5.1042624px; position: absolute; -webkit-transform: translate3d(-50%,-50%,0px) matrix3d(0.19097621974580736, 0.0, 0.9831337152843964, 0.0, 0.18777424641338983, 0.9815223782276639, -0.03686354676690409, 0.0, -0.9649778008460999, 0.1916472464799881, 0.18739616870880127, 0.0, -11.515616416931152, 3.027787923812866, 165.29957580566406, 1.0);"></div>
<div id="49" style="background-size: 100% 100%; width: 9.707718px; height: 5.106746px; position: absolute; -webkit-transform: translate3d(-50%,-50%,0px) matrix3d(0.1050459016777266, 0.0, 0.9962290155918014, 0.0, 0.19265623945650218, 0.9810484496044016, -0.020712911790942368, 0.0, -0.9773557782173157, 0.19410553574562073, 0.10299146175384521, 0.0, -10.133282661437988, 3.0216312408447266, 174.39125061035156, 1.0);"></div>
<div id="50" style="background-size: 100% 100%; width: 9.707703px; height: 4.7067566px; position: absolute; -webkit-transform: translate3d(-50%,-50%,0px) matrix3d(0.10499923379434613, 0.0, 0.996234068990729, 0.0, 0.19274941128635945, 0.9810301510940814, -0.020713414052141693, 0.0, -0.9773424863815308, 0.19419842958450317, 0.1029437780380249, 0.0, -10.169700622558594, 2.843050718307495, 174.38243103027344, 1.0);"></div>
<div id="51" style="background-size: 100% 100%; width: 30.26503px; height: 4.7077684px; position: absolute; -webkit-transform: translate3d(-50%,-50%,0px) matrix3d(0.0031568531012535275, 0.0, 1.0019839338266974, 0.0, 0.19488738433748956, 0.9808251113948193, 0.0, 0.0, -0.9827713966369629, 0.19527718424797058, 0.003020942211151123, 0.0, -9.615787506103516, 2.836975574493408, 193.1220245361328, 1.0);"></div>
<div id="52" style="background-size: 100% 100%; width: 30.265015px; height: 4.6464806px; position: absolute; -webkit-transform: translate3d(-50%,-50%,0px) matrix3d(0.00317594055794973, 0.0, 1.0019838392391571, 0.0, 0.19476772601378795, 0.9808488948666517, -0.0010000210315236624, 0.0, -0.9827951192855835, 0.19515728950500488, 0.0030397772789001465, 0.0, -9.620407104492188, 2.814807415008545, 193.0816650390625, 1.0);"></div>
<div id="53" style="background-size: 100% 100%; width: 0.5779114px; height: 4.738508px; position: absolute; -webkit-transform: translate3d(-50%,-50%,0px) matrix3d(-0.5026358955159138, 0.0, 0.8664374896745262, 0.0, 0.14647039488468225, 0.9855842402455004, 0.08486630843107912, 0.0, -0.8539111018180847, 0.16956427693367004, -0.49545228481292725, 0.0, -9.569761276245117, 2.861654043197632, 207.3789520263672, 1.0);"></div>
<div id="54" style="background-size: 100% 100%; width: 0.5904083px; height: 4.7385864px; position: absolute; -webkit-transform: translate3d(-50%,-50%,0px) matrix3d(-0.5060037053776862, 0.0, 0.8644604589446265, 0.0, 0.14622235886436702, 0.9855676709558249, 0.08548638963285857, 0.0, -0.8519479632377625, 0.16965988278388977, -0.4987630844116211, 0.0, -9.786864280700684, 2.8677852153778076, 207.75439453125, 1.0);"></div>
<div id="55" style="background-size: 100% 100%; width: 0.5612335px; height: 4.8426056px; position: absolute; -webkit-transform: translate3d(-50%,-50%,0px) matrix3d(-0.44861946222138405, 0.0, 0.8958030866152383, 0.0, 0.1567929107603222, 0.9845294299303002, 0.0783982947457765, 0.0, -0.8819097280502319, 0.17562657594680786, -0.44174861907958984, 0.0, -9.839617729187012, 2.9074034690856934, 207.86814880371094, 1.0);"></div>
<div id="56" style="background-size: 100% 100%; width: 0.5702057px; height: 4.8426304px; position: absolute; -webkit-transform: translate3d(-50%,-50%,0px) matrix3d(-0.44943827393421887, 0.0, 0.8953900210510009, 0.0, 0.1567445528483809, 0.9845247771040222, 0.07855408372480888, 0.0, -0.8814988136291504, 0.17565271258354187, -0.44255268573760986, 0.0, -10.015351295471191, 2.913663625717163, 208.22215270996094, 1.0);"></div>
<div id="57" style="background-size: 100% 100%; width: 0.5248108px; height: 4.919937px; position: absolute; -webkit-transform: translate3d(-50%,-50%,0px) matrix3d(-0.3300719877811556, 0.0, 0.9462080125317686, 0.0, 0.17464152773628505, 0.9827664726270001, 0.060728901326440377, 0.0, -0.9298733472824097, 0.1852920949459076, -0.3244645595550537, 0.0, -10.073981285095215, 2.9390580654144287, 208.37936401367188, 1.0);"></div>
<div id="58" style="background-size: 100% 100%; width: 0.52890015px; height: 4.9198637px; position: absolute; -webkit-transform: translate3d(-50%,-50%,0px) matrix3d(-0.3284663135487639, 0.0, 0.9467688580260251, 0.0, 0.17467750548783395, 0.9827796867263325, 0.060408653447415805, 0.0, -0.9304372668266296, 0.18522140383720398, -0.3228907585144043, 0.0, -10.169068336486816, 2.945432662963867, 208.6576690673828, 1.0);"></div>
<div id="59" style="background-size: 100% 100%; width: 0.4898224px; height: 4.9492245px; position: absolute; -webkit-transform: translate3d(-50%,-50%,0px) matrix3d(-0.10718460035408275, 0.0, 0.996411193383069, 0.0, 0.1930813043950374, 0.9809708821699005, 0.020433157323866497, 0.0, -0.9774415493011475, 0.19457851350307465, -0.10522842407226562, 0.0, -10.220515251159668, 2.9483914375305176, 208.9348907470703, 1.0);"></div>
<div id="60" style="background-size: 100% 100%; width: 0.49006653px; height: 4.9489965px; position: absolute; -webkit-transform: translate3d(-50%,-50%,0px) matrix3d(-0.10419088486474448, 0.0, 0.9967256013319254, 0.0, 0.19291630274834481, 0.9810156936837877, 0.0198287823381178, 0.0, -0.9777949452400208, 0.19435058534145355, -0.1022958755493164, 0.0, -10.228922843933105, 2.9548332691192627, 209.02792358398438, 1.0);"></div>
<div id="61" style="background-size: 100% 100%; width: 0.71017456px; height: 4.9448028px; position: absolute; -webkit-transform: translate3d(-50%,-50%,0px) matrix3d(0.23321780790748126, 0.0, 0.9738468285751789, 0.0, 0.18448445347558853, 0.9818279697804566, -0.04455451189286039, 0.0, -0.956160843372345, 0.19005049765110016, 0.2289351224899292, 0.0, -10.195577621459961, 2.948421001434326, 209.43251037597656, 1.0);"></div>
<div id="62" style="background-size: 100% 100%; width: 0.70747375px; height: 4.899362px; position: absolute; -webkit-transform: translate3d(-50%,-50%,0px) matrix3d(0.23039652376806347, 0.0, 0.9745270577922208, 0.0, 0.18500432252548696, 0.9817499894806726, -0.04411359998716591, 0.0, -0.9567527174949646, 0.1904553323984146, 0.2261466383934021, 0.0, -10.198431968688965, 2.9336578845977783, 209.432861328125, 1.0);"></div>
<div id="63" style="background-size: 100% 100%; width: 1.087204px; height: 4.8738155px; position: absolute; -webkit-transform: translate3d(-50%,-50%,0px) matrix3d(0.571139587223249, 0.0, 0.82132356261248, 0.0, 0.13239913256820357, 0.9869114476738824, -0.09211920650465046, 0.0, -0.8105694055557251, 0.16135545074939728, 0.56367027759552, 0.0, -10.001508712768555, 2.9274067878723145, 209.8641357421875, 1.0);"></div>
<div id="64" style="background-size: 100% 100%; width: 1.0884552px; height: 4.751938px; position: absolute; -webkit-transform: translate3d(-50%,-50%,0px) matrix3d(0.5724957510441442, 0.0, 0.8203749075362927, 0.0, 0.13194620511713356, 0.9869714778535291, -0.09212564445848863, 0.0, -0.8096822500228882, 0.16098688542842865, 0.5650432705879211, 0.0, -10.008224487304688, 2.8771774768829346, 209.8687744140625, 1.0);"></div>
<div id="65" style="background-size: 100% 100%; width: 1.4152069px; height: 4.7243004px; position: absolute; -webkit-transform: translate3d(-50%,-50%,0px) matrix3d(0.7938454823321481, 0.0, 0.6081584619016549, 0.0, 0.0731437191283161, 0.9927698709923007, -0.09517929930752123, 0.0, -0.6037433743476868, 0.12004062533378601, 0.7881197333335876, 0.0, -9.60783576965332, 2.8712127208709717, 210.27679443359375, 1.0);"></div>
<div id="66" style="background-size: 100% 100%; width: 1.4151001px; height: 4.507761px; position: absolute; -webkit-transform: translate3d(-50%,-50%,0px) matrix3d(0.793715736055931, 0.0, 0.608327981620651, 0.0, 0.07320363620482709, 0.9927619429391557, -0.09521636085998048, 0.0, -0.6039068698883057, 0.120106540620327, 0.7879845499992371, 0.0, -9.6148099899292, 2.7759811878204346, 210.2859344482422, 1.0);"></div>
<div id="67" style="background-size: 100% 100%; width: 1.1799545px; height: 4.5027704px; position: absolute; -webkit-transform: translate3d(-50%,-50%,0px) matrix3d(0.8287928713356668, 0.0, 0.5595585147847204, 0.0, 0.06205013992767402, 0.9938650302634495, -0.09155411411038128, 0.0, -0.5561074614524841, 0.11060008406639099, 0.8237206339836121, 0.0, -9.178559303283691, 2.770219326019287, 210.60655212402344, 1.0);"></div>
<div id="68" style="background-size: 100% 100%; width: 1.1800461px; height: 4.3518105px; position: absolute; -webkit-transform: translate3d(-50%,-50%,0px) matrix3d(0.8289051573057981, 0.0, 0.5593921345825759, 0.0, 0.061999536817043926, 0.993870981411003, -0.09152365021492474, 0.0, -0.5559456944465637, 0.11054647713899612, 0.8238369226455688, 0.0, -9.182303428649902, 2.705383539199829, 210.61270141601562, 1.0);"></div>
<div id="69" style="background-size: 100% 100%; width: 0.78108215px; height: 4.3850994px; position: absolute; -webkit-transform: translate3d(-50%,-50%,0px) matrix3d(-0.9088007511372476, 0.0, 0.41653550580214876, 0.0, 0.034597525835704024, 0.9965763088409849, 0.07496609930044935, 0.0, -0.41510099172592163, 0.0825403556227684, -0.9056931734085083, 0.0, -9.000163078308105, 2.7207894325256348, 210.7379913330078, 1.0);"></div>
<div id="70" style="background-size: 100% 100%; width: 0.79141235px; height: 4.3849106px; position: absolute; -webkit-transform: translate3d(-50%,-50%,0px) matrix3d(-0.9102429176559407, 0.0, 0.4133666636038161, 0.0, 0.034119004403842246, 0.9966195013903971, 0.07460804252920271, 0.0, -0.41196101903915405, 0.08201510459184647, -0.9071695804595947, 0.0, -9.103535652160645, 2.7265748977661133, 210.78564453125, 1.0);"></div>
<div id="71" style="background-size: 100% 100%; width: 0.869504px; height: 4.5401025px; position: absolute; -webkit-transform: translate3d(-50%,-50%,0px) matrix3d(-0.9994304252449939, 0.0, -0.03344722041593656, 0.0, 0.0, 0.9999774165096584, -0.006654880802460274, 0.0, 0.03344646468758583, -0.006658677943050861, -0.9994078874588013, 0.0, -9.103914260864258, 2.8007497787475586, 210.7850341796875, 1.0);"></div>
<div id="72" style="background-size: 100% 100%; width: 0.90448666px; height: 4.540102px; position: absolute; -webkit-transform: translate3d(-50%,-50%,0px) matrix3d(-0.9994333802929976, 0.0, -0.03336058093868501, 0.0, 0.0, 0.9999775078205051, -0.006646149135274776, 0.0, 0.0333598293364048, -0.006649920716881752, -0.99941086769104, 0.0, -9.505742073059082, 2.80657696723938, 210.77151489257812, 1.0);"></div>
<div id="73" style="background-size: 100% 100%; width: 0.9001007px; height: 4.7710238px; position: absolute; -webkit-transform: translate3d(-50%,-50%,0px) matrix3d(-0.9946145042712735, 0.0, 0.10289265829160303, 0.0, 0.002146406614104923, 0.9997866672003483, 0.020395119548766105, 0.0, -0.10287059098482132, 0.020506134256720543, -0.994402289390564, 0.0, -9.505362510681152, 2.9087727069854736, 210.77395629882812, 1.0);"></div>
<div id="74" style="background-size: 100% 100%; width: 0.9448433px; height: 4.7710238px; position: absolute; -webkit-transform: translate3d(-50%,-50%,0px) matrix3d(-0.9945995538164372, 0.0, 0.10303732617186198, 0.0, 0.002150437890818535, 0.9997864427644365, 0.020405288712919627, 0.0, -0.10301520675420761, 0.020516665652394295, -0.994387149810791, 0.0, -10.046449661254883, 2.9148380756378174, 210.83021545410156, 1.0);"></div>
<div id="75" style="background-size: 100% 100%; width: 0.8478775px; height: 5.01009px; position: absolute; -webkit-transform: translate3d(-50%,-50%,0px) matrix3d(-0.8931714669690336, 0.0, 0.4491619596857992, 0.0, 0.04023399083184154, 0.9960131164500923, 0.07952054043953476, 0.0, -0.4473608136177063, 0.0890970528125763, -0.8896157741546631, 0.0, -10.041727066040039, 3.0119729042053223, 210.8388671875, 1.0);"></div>
<div id="76" style="background-size: 100% 100%; width: 0.88539886px; height: 5.010111px; position: absolute; -webkit-transform: translate3d(-50%,-50%,0px) matrix3d(-0.8927599021577611, 0.0, 0.4499821655926004, 0.0, 0.04032670242764008, 0.9960092439578342, 0.07952297504766993, 0.0, -0.44817596673965454, 0.08914121240377426, -0.889202356338501, 0.0, -10.569507598876953, 3.0184319019317627, 211.10513305664062, 1.0);"></div>
<div id="77" style="background-size: 100% 100%; width: 0.75001526px; height: 5.2107334px; position: absolute; -webkit-transform: translate3d(-50%,-50%,0px) matrix3d(-0.5010136301574577, 0.0, 0.8673836861533721, 0.0, 0.14701676151549692, 0.9855073372933032, 0.08481465067985847, 0.0, -0.8547768592834473, 0.17001324892044067, -0.4938153028488159, 0.0, -10.619003295898438, 3.0799498558044434, 211.2144775390625, 1.0);"></div>
<div id="78" style="background-size: 100% 100%; width: 0.76374817px; height: 5.2106647px; position: absolute; -webkit-transform: translate3d(-50%,-50%,0px) matrix3d(-0.49969731689422014, 0.0, 0.8681481600178145, 0.0, 0.14708333410022723, 0.9855196863278751, 0.08455490289878395, 0.0, -0.8555410504341125, 0.1699419617652893, -0.49252426624298096, 0.0, -10.853157997131348, 3.0866453647613525, 211.6237335205078, 1.0);"></div>
<div id="79" style="background-size: 100% 100%; width: 1.1800537px; height: 5.2404156px; position: absolute; -webkit-transform: translate3d(-50%,-50%,0px) matrix3d(-0.01129696191335109, 0.0, 1.0019533922488961, 0.0, 0.19481019470592004, 0.9808392617994505, 0.0018181118778175243, 0.0, -0.9827545285224915, 0.1952112764120102, -0.01115727424621582, 0.0, -10.91869831085205, 3.0821268558502197, 212.2788543701172, 1.0);"></div>
<div id="80" style="background-size: 100% 100%; width: 1.180069px; height: 5.2407045px; position: absolute; -webkit-transform: translate3d(-50%,-50%,0px) matrix3d(-0.012576263361984696, 0.0, 1.0019403179981201, 0.0, 0.19508129515615377, 0.9807848864273903, 0.0020707425869136153, 0.0, -0.9826871156692505, 0.19548586010932922, -0.01241159439086914, 0.0, -10.917473793029785, 3.0889780521392822, 212.2869415283203, 1.0);"></div>
<div id="81" style="background-size: 100% 100%; width: 1.6058655px; height: 5.238571px; position: absolute; -webkit-transform: translate3d(-50%,-50%,0px) matrix3d(0.14515580527546962, 0.0, 0.9910694534951865, 0.0, 0.19103077686776715, 0.9811751519066679, -0.028376414340994388, 0.0, -0.972421407699585, 0.19344376027584076, 0.14236491918563843, 0.0, -10.824124336242676, 3.0822412967681885, 213.5149688720703, 1.0);"></div>
<div id="82" style="background-size: 100% 100%; width: 1.6066132px; height: 5.1542616px; position: absolute; -webkit-transform: translate3d(-50%,-50%,0px) matrix3d(0.14588824773695677, 0.0, 0.9909598582538355, 0.0, 0.19079085844815152, 0.9812187105097285, -0.02848478621345768, 0.0, -0.9723570346832275, 0.19322168827056885, 0.14309018850326538, 0.0, -10.830626487731934, 3.050149917602539, 213.51417541503906, 1.0);"></div>
<div id="83" style="background-size: 100% 100%; width: 1.500473px; height: 5.1546807px; position: absolute; -webkit-transform: translate3d(-50%,-50%,0px) matrix3d(0.13052254839495864, 0.0, 0.9931433598487139, 0.0, 0.19160673666891598, 0.9811395248923956, -0.025579834520769895, 0.0, -0.9744202494621277, 0.19363170862197876, 0.12800055742263794, 0.0, -10.645713806152344, 3.04349422454834, 214.8312225341797, 1.0);"></div>
<div id="84" style="background-size: 100% 100%; width: 1.4998169px; height: 5.086074px; position: absolute; -webkit-transform: translate3d(-50%,-50%,0px) matrix3d(0.12986487294060267, 0.0, 0.9932314750566722, 0.0, 0.19180955560568339, 0.9811025672546814, -0.025477495651115067, 0.0, -0.9744699597358704, 0.19381992518901825, 0.1273503303527832, 0.0, -10.650832176208496, 3.018373966217041, 214.83023071289062, 1.0);"></div>
<div id="85" style="background-size: 100% 100%; width: 1.4087219px; height: 5.086421px; position: absolute; -webkit-transform: translate3d(-50%,-50%,0px) matrix3d(0.11540965801933467, 0.0, 0.9950539599773843, 0.0, 0.19249179177693013, 0.9810363535397525, -0.02272454823931555, 0.0, -0.9761914610862732, 0.19416235387325287, 0.1131587028503418, 0.0, -10.49621868133545, 3.0117998123168945, 216.07334899902344, 1.0);"></div>
<div id="86" style="background-size: 100% 100%; width: 1.4076538px; height: 5.028108px; position: absolute; -webkit-transform: translate3d(-50%,-50%,0px) matrix3d(0.11431090003385859, 0.0, 0.9951839077291429, 0.0, 0.1928116264595012, 0.9809776127612667, -0.022547080367856326, 0.0, -0.9762604832649231, 0.1944604068994522, 0.11207360029220581, 0.0, -10.500411033630371, 2.9913158416748047, 216.0721893310547, 1.0);"></div>
<div id="87" style="background-size: 100% 100%; width: 1.3368378px; height: 5.028382px; position: absolute; -webkit-transform: translate3d(-50%,-50%,0px) matrix3d(0.1014000540556449, 0.0, 0.9966163037752135, 0.0, 0.19334875140813387, 0.9809255047660299, -0.02007172810607105, 0.0, -0.9776130318641663, 0.1947297900915146, 0.09940141439437866, 0.0, -10.371182441711426, 2.98480224609375, 217.25547790527344, 1.0);"></div>
<div id="88" style="background-size: 100% 100%; width: 1.3388062px; height: 4.976878px; position: absolute; -webkit-transform: translate3d(-50%,-50%,0px) matrix3d(0.10343819391259339, 0.0, 0.9964015169138121, 0.0, 0.1927823404543357, 0.9810299831665309, -0.020411822506499033, 0.0, -0.9775065183639526, 0.19419997930526733, 0.10141205787658691, 0.0, -10.374692916870117, 2.967777729034424, 217.25433349609375, 1.0);"></div>
<div id="89" style="background-size: 100% 100%; width: 1.2798309px; height: 4.9771013px; position: absolute; -webkit-transform: translate3d(-50%,-50%,0px) matrix3d(0.09151039878405817, 0.0, 0.9975985101879858, 0.0, 0.19323010948725833, 0.9809866729153607, -0.01812358883095619, 0.0, -0.9786369800567627, 0.194424569606781, 0.08970499038696289, 0.0, -10.262600898742676, 2.9613261222839355, 218.3906707763672, 1.0);"></div>
<div id="90" style="background-size: 100% 100%; width: 1.279068px; height: 4.9339705px; position: absolute; -webkit-transform: translate3d(-50%,-50%,0px) matrix3d(0.09072203716471439, 0.0, 0.997672606741409, 0.0, 0.1934402815306175, 0.9809477395858114, -0.017989088746700382, 0.0, -0.9786707758903503, 0.19462206959724426, 0.08892786502838135, 0.0, -10.265414237976074, 2.9477767944335938, 218.38941955566406, 1.0);"></div>
<div id="91" style="background-size: 100% 100%; width: 1.2439423px; height: 4.934081px; position: absolute; -webkit-transform: translate3d(-50%,-50%,0px) matrix3d(0.08431040660537228, 0.0, 0.998251102738266, 0.0, 0.193656841639481, 0.9809268002689884, -0.016754281205231036, 0.0, -0.979216992855072, 0.1947307139635086, 0.08263581991195679, 0.0, -10.167889595031738, 2.941373586654663, 219.4916229248047, 1.0);"></div>
<div id="92" style="background-size: 100% 100%; width: 1.2440033px; height: 4.8958387px; position: absolute; -webkit-transform: translate3d(-50%,-50%,0px) matrix3d(0.084347240481399, 0.0, 0.998247822949296, 0.0, 0.19364723618281543, 0.9809285887652821, -0.016760616594005462, 0.0, -0.9792155623435974, 0.19472163915634155, 0.082672119140625, 0.0, -10.170232772827148, 2.9301199913024902, 219.4904022216797, 1.0);"></div>
<div id="93" style="background-size: 100% 100%; width: 1.2249298px; height: 4.895892px; position: absolute; -webkit-transform: translate3d(-50%,-50%,0px) matrix3d(0.08109277868237763, 0.0, 0.9985256018591749, 0.0, 0.19375123269959577, 0.9809185515359685, -0.01613252231750359, 0.0, -0.9794778227806091, 0.19477379322052002, 0.07947862148284912, 0.0, -10.07975959777832, 2.923772096633911, 220.57266235351562, 1.0);"></div>
