<!DOCTYPE html>
 <html>
    <head>
    <!-- #ice{fullWidth} -->
    <title>Freixenet Vinbox</title>
    <meta name="viewport" content="target-densitydpi=device-dpi, width=320" />
    <style>
        html, body {
            margin:0px;
            padding:0px;
                height: 100%;
        }
        </style>
   <body style="width:320px">
            <!--<AdWineBox>-->
            <!-- Animated Ads, copyright Adssets AB, 2012 -->
            <script>
                /**<AdScript>**/
                var p212201IDLE_SPIN_INTERVAL = 4000;
                
                var P_212201_Swipe = 'http://pliing.se/PliingAd/Event?id=21220100&userAdId=**userAdId&callback=p212201Resp';
                var P_212201_NoOfImages=8;
                var p212201LoadedImages=0;
                var p212201SwipeArea;
                var p212201Cube;
                var p212201StartX=0;
                var p212201StartY=0;
                var p212201EndX=0;
                var p212201EndY=0;
                var p212201RotX;
                var p212201RotTimer;
                var p212201SpinTimer;
                var p212201RotDir=1;
                var p212201Swiped=false;
                var p212201RotAng=-360;
                var p212201Side = [];
                var p212201Script;
                var p212201isNotWebkit = navigator.userAgent.toLowerCase().indexOf("android 2.") > -1; 
                var p212201isAndroid = navigator.userAgent.toLowerCase().indexOf("android") > -1;
                var p212201ActImg;
                
                var p212201MaxGyroTilt = 25;
                
                
                function p212201ImgLoaded () {
                    if (p212201LoadedImages==0) {
                        var node = document.getElementById("p212201_ad_container");
                        for (var i = 0; i < 4; i++) {
                            node = node.parentNode;
                            if (node == null)
                                break;
                            else if (node.className == "abAdArea") {
                                node.style.overflow = "visible";
                                node.style.display = "block";
                                break;
                            }
                        }
                        if (p212201isNotWebkit) {
                            document.getElementById("p212201_img_swipe").style.webkitTransform="translate3d(0px,0px,0px)";
                            document.getElementById("p212201_cube_area").style.webkitTransform="translate3d(0px,0px,0px)";
                            document.getElementById("p212201_cube_area").style.overflow="hidden";
                            for (var i=0;i<4;i++) {
                                p212201Side[i] = document.getElementById("p212201_side_"+(i+1));
                                if (i==0)
                                    p212201Side[i].style.opacity="1.0";
                                else
                                    p212201Side[i].style.opacity="0.0";
                                if (i==3)
                                    p212201Side[i].style.webkitTransform="translate3d(-300px,0px,0px)";
                                else
                                    p212201Side[i].style.webkitTransform="translate3d("+(300*i)+"px,0px,0px)";
                            }
                        }
                    }
                    p212201LoadedImages++;
                    if (p212201LoadedImages == (P_212201_NoOfImages)) {
                        p212201InitBanner();
                    }
                }
                function p212201InitBanner () {
                    if (p212201isNotWebkit) {
                        window.scrollBy(0,1);
                        for (var i=0;i<4;i++)
                            p212201Side[i].style.webkitTransition="all 0.5s ease-out";
                    }
                    
                    p212201SwipeArea = document.getElementById("p212201_revolve_area");
                    p212201Cube = document.getElementById("p212201_cube");
                    p212201RotX = document.getElementById("p212201_rot_x");
                    p212201AddListener();
                    p212201Rotate();
                    document.getElementById("p212201_img_swipe").style.visibility="visible";
                }
                function p212201Rotate () {
                    
                    p212201ActImg = 4;
                    
                    
                    if (p212201isNotWebkit) {
                        p212201ARot(1);
                        window.setTimeout(function () {p212201ARot(1)}, 400);
                        window.setTimeout(function () {p212201ARot(1)}, 800);
                        window.setTimeout(function () {p212201ARot(1)}, 1200);
                    }
                    else {
                        p212201RotAng=p212201ActImg*(-90);               
                        p212201Cube.style.webkitTransform="rotateY("+p212201RotAng+"deg)";
                        p212201RotX.style.webkitTransform="rotateX(-12deg)";
                    }
                }
                function p212201ARot (rot) {
                    var i = (p212201ActImg+rot)%4;
                    p212201ActImg = i;
                    p212201Side[i].style.opacity="1.0";
                    p212201Side[i].style.webkitTransform="translate(0px,0px)";
                    p212201Side[(i+1)%4].style.opacity="0.0";
                    p212201Side[(i+1)%4].style.webkitTransform="translate(300px,0px)";
                    p212201Side[(i+2)%4].style.opacity="0.0";
                    p212201Side[(i+2)%4].style.webkitTransform="translate(600px,0px)";
                    p212201Side[(i+3)%4].style.opacity="0.0";
                    p212201Side[(i+3)%4].style.webkitTransform="translate(-300px,0px)";
                }
                function p212201IdleRot(){
                    p212201RotDir=(p212201RotDir+1)%4;
                    var i,j;
                    switch (p212201RotDir) {
                        case 0:
                            i=0;j=1;break;
                        case 1:
                            i=-1;j=0;break;
                        case 2:
                            i=0;j=-1;break;
                        case 3:
                            i=1;j=0;break;
                    }
                    p212201RotX.style.webkitTransform="rotateX("+(i*15)+"deg) rotateY("+(j*15)+"deg)";
                }
                
                function p212201IdleSpin(){
                    p212201RotAng=(p212201RotAng + 180);
                    p212201RotAng =(Math.floor(p212201RotAng/180) * 180);
                    p212201Cube.style.webkitTransform="rotateY("+p212201RotAng+"deg)";
                }
                
                function p212201AddListener()
                {
                    p212201SwipeArea.addEventListener("touchstart", p212201TouchStart, false);
                    p212201SwipeArea.addEventListener("touchmove", p212201TouchMove, false);
                    p212201SwipeArea.addEventListener("touchend", p212201TouchEnd, false);
                    if (window.DeviceOrientationEvent){
                        window.addEventListener("deviceorientation", p212201DeviceOrientationHandler, false);
                    }
                }
                function p212201RemoveListener(e)
                {
                    e.removeEventListener("touchstart", p212201TouchStart, false);
                    e.removeEventListener("touchmove", p212201TouchMove, false);
                    e.removeEventListener("touchend", p212201TouchEnd, false);
                }
                function p212201TouchStart(e)
                {
                    p212201StartX = e.touches[0].pageX;
                    p212201StartY = e.touches[0].pageY;
                    p212201EndX = 0;
                    p212201EndY = 0;
                    if (window.DeviceOrientationEvent){
                        window.removeEventListener("deviceorientation", p212201DeviceOrientationHandler, false);
                    }
                } 
                function p212201TouchMove(e)
                {
                    if (Math.abs(e.touches[0].pageX - p212201StartX) > Math.abs(e.touches[0].pageY - p212201StartY)) {
                        e.preventDefault();
                        p212201EndX = e.touches[0].pageX - p212201StartX;
                        p212201EndY = p212201StartY - e.touches[0].pageY;
                        if (p212201isNotWebkit) {
                            var i = p212201ActImg;
                            p212201Side[i].style.opacity=1-(Math.abs(p212201EndX)/300);
                            p212201Side[i].style.webkitTransform="translate("+p212201EndX+"px,0px)";
                            if (p212201EndX > 0) {
                                p212201Side[(i+3)%4].style.opacity=p212201EndX/300;
                                p212201Side[(i+3)%4].style.webkitTransform="translate("+(p212201EndX-300)+"px,0px)";
                            }
                            else {
                                p212201Side[(i+1)%4].style.opacity=Math.abs(p212201EndX)/300;
                                p212201Side[(i+1)%4].style.webkitTransform="translate("+(300+p212201EndX)+"px,0px)";
                            }
                        }
                        else {
                            p212201Cube.style.webkitTransform="rotateY("+(p212201RotAng+p212201EndX)+"deg)";
                            p212201RotX.style.webkitTransform="rotateX("+p212201EndY+"deg)";
                        }
                    }
                }
                
                function p212201TouchEnd(e)
                {
                    var next=0;
                    if (Math.abs(p212201EndX)>45) {
                        document.getElementById("p212201_img_swipe").style.visibility="hidden";
                        document.getElementById("p212201_img_swipe").style.webkitTransform="translate3d(0px,0px,-150px)";
                        p212201RegSwipe ();
                        if (p212201isNotWebkit) {
                            if (p212201EndX>0) 
                                next=3;
                            else
                                next=1;
                        }
                        else {
                            if (p212201EndX>=0) 
                                p212201RotAng=(p212201RotAng + (90 * Math.round((p212201EndX/90))));
                            else if (p212201EndX<0)
                                p212201RotAng=(p212201RotAng + (90 * Math.round((p212201EndX/90))));
                        }
                    }
                    if (p212201isNotWebkit)
                        p212201ARot(next);
                    else {
                        p212201Cube.style.webkitTransform="rotateY("+p212201RotAng+"deg)";
                    }
                    
                    if (window.DeviceOrientationEvent){
                        window.addEventListener("deviceorientation", p212201DeviceOrientationHandler, false);
                    }
                }
                function p212201RegSwipe () {
                    if (!p212201Swiped) {
                        p212201Swiped=true;
                        p212201RegEvent (P_212201_Swipe);
                    }
                }
                function p212201RegEvent (src) {
                    p212201Script= document.createElement('script');
                    p212201Script.type= 'text/javascript';
                    p212201Script.src= src;
                    document.getElementsByTagName('head')[0].appendChild(p212201Script);
                }
                function p212201Resp(xmlData) {
                    document.getElementsByTagName('head')[0].removeChild(p212201Script);
                }
                
                function p212201LoadIcal(){
                    window.open("http://pliing.se/img12/box/new/boxvinnew.ics", "_parent");
                    p212201RegEvent(P_212201_iCal);
                }
                
                function p212201LoadLink(){
                    //window.open("http://pliing.se/PliingAd/ExtLink?id=21220110&userAdId=**userAdId","_blank");
                }
                
                function p212201DeviceOrientationHandler(gyroData){
                    var p212201Alpha = gyroData.alpha;
                    var p212201Beta = gyroData.beta;
                    var p212201Gamma = gyroData.gamma;
                    if(typeof p212201OAlpha === 'undefined'){
                        p212201OAlpha = p212201Alpha;
                        p212201OBeta = p212201Beta;
                        p212201OGamma = p212201Gamma;
                    }
                    
                    var gyroAngX, gyroAngY;
                    if(p212201Gamma >= 90){
                        gyroAngX = p212201CorrectInterval(p212201OBeta + (90 - p212201Beta), p212201MaxGyroTilt);
                        gyroAngY = (p212201RotAng + p212201CorrectInterval((180 - p212201Gamma - p212201OGamma), p212201MaxGyroTilt));
                    } else {
                        gyroAngX = p212201CorrectInterval((p212201Beta - p212201OBeta), p212201MaxGyroTilt); 
                        gyroAngY = (p212201RotAng - p212201CorrectInterval((p212201Gamma - p212201OGamma), p212201MaxGyroTilt));
                    }
                    p212201Cube.style.webkitTransform = "rotateY(" + gyroAngY + "deg)"; 
                    p212201RotX.style.webkitTransform = "rotateX(" + gyroAngX + "deg) ";
                }
                
                function p212201CorrectInterval(val, max){
                    if(val > max){
                        val = max;
                    } else if(val < -max){
                        val = -max;
                    }
                    return val;
                }
                
                
            /**</AdScript>**/
            </script>
            <!--<AdHTML>-->
            <div id="p212201_ad_container" style="position:relative;padding:0px;margin-top:0px;margin-bottom:0px;margin-left:auto;margin-right:auto;padding-left:0px;width:320px;height:320px;background:darkgray;">
                <div id="p212201_imp_counter" style="position:absolute;z-index:0;top:0px;left:0px;width:1px;height:1px;margin:0px;padding:0px;overflow:hidden;"></div>
                <div id="p212201_display_area" style="position:absolute;top:0px;left:0px;width:320px;height:320px;margin:0px;padding:0px;-webkit-transition:all 0.5s linear 0ms;">
                    <div id="p212201_revolve_area" style="position:absolute;top:0px;left:0px;width:320px;height:320px;margin:0px;padding:0px;z-index:180;-webkit-perspective: 800;-webkit-transform-style: preserve-3d;-webkit-transform: translate3d(0px,0px,100px);">
                        <img id="p212201_img_swipe" src="http://pliing.se/img/swipe.png" style="display:block;margin:0px;padding:0px;z-index:110;position:absolute;top:120px;left:98px;width:124px;height:40px;visibility:hidden;-webkit-transform: translate3d(0px,0px,50px);" onload="p212201InitBanner();" />

                        <div  id="p212201_cube_area" onclick="p212201LoadLink();" style="margin:0px;padding:0px;z-index:100;position:absolute;top:10px;left:10px;width:300px;height:300px;-webkit-transform-style: preserve-3d;-webkit-transform: translate3d(0px,0px,-49px);">
                            <div id="p212201_rot_x" style="margin:0px;padding:0px;z-index:100;position:absolute;top:0px;left:0px;width:300px;height:300px;-webkit-transition: -webkit-transform 1.1s linear;-webkit-transform-style: preserve-3d;">
                                <div id="p212201_cube" style="margin:0px;padding:0px;z-index:100;position:absolute;top:250px;left:0px;width:300px;height:300px;-webkit-transition: -webkit-transform 0.5s ease-out;-webkit-transform-style: preserve-3d;">
<div id="modelDiv" style="left:150px;position:absolute;">
<img src="triangulated_0.png" id="0" style="width: 24.044672px; height: 29.28968px; position: absolute; -webkit-transform: translate3d(-50%,-50%,0px) matrix3d(0.3824075925208213, 0.0017062336791128022, 0.9257397995887695, 0.0, 0.9156277496177428, 0.13356208938017516, -0.3799097066730923, 0.0, -0.12429196387529373, 0.9929134249687195, 0.04951286315917969, 0.0, -12.107078552246094, 0.7663936018943787, 6.2673163414001465, 1.0);">
<img src="triangulated_1.png" id="1" style="width: 24.845768px; height: 5.8017263px; position: absolute; -webkit-transform: translate3d(-50%,-50%,0px) matrix3d(0.3819898152840815, 0.0, 0.9251986966279558, 0.0, 0.30801611997640554, 0.9427907424881449, -0.1277029005275461, 0.0, -0.8722996711730957, 0.33375731110572815, 0.3600619435310364, 0.0, -26.2549991607666, -3.934999465942383, 12.559998512268066, 1.0);">
<img src="triangulated_2.png" id="2" style="width: 25.647362px; height: 5.802351px; position: absolute; -webkit-transform: translate3d(-50%,-50%,0px) matrix3d(0.38205951528706333, 0.0, 0.9251696692094774, 0.0, 0.3082704406917699, 0.9426897022569489, -0.12783558388859387, 0.0, -0.872178852558136, 0.3340432643890381, 0.36008894443511963, 0.0, -26.408512115478516, -3.9349613189697266, 12.189688682556152, 1.0);">
<img src="triangulated_3.png" id="3" style="width: 25.706589px; height: 103.12472px; position: absolute; -webkit-transform: translate3d(-50%,-50%,0px) matrix3d(0.3821071737315633, 0.0, 0.9250951756071564, 0.0, 0.0014323740792401992, 0.9999987694206296, 0.0, 0.0, -0.9250940680503845, 0.0015858444385230541, 0.38210660219192505, 0.0, -27.36499786376953, -58.23124313354492, 12.622499465942383, 1.0);">
<img src="triangulated_4.png" id="4" style="width: 25.781982px; height: 103.12445px; position: absolute; -webkit-transform: translate3d(-50%,-50%,0px) matrix3d(0.382048235079203, 0.0, 0.9251196575580325, 0.0, 0.001421755784573603, 0.9999987591074161, 0.0, 0.0, -0.9251185655593872, 0.0015699248760938644, 0.3820476531982422, 0.0, -27.379226684570312, -58.23124694824219, 12.58818531036377, 1.0);">
<img src="triangulated_5.png" id="5" style="width: 25.78198px; height: 19.099533px; position: absolute; -webkit-transform: translate3d(-50%,-50%,0px) matrix3d(0.38202869030518916, 0.0, 0.9251484687872085, 0.0, -0.19091817583860077, 0.9784162491679947, 0.0791540111994673, 0.0, -0.9051912426948547, -0.2068667709827423, 0.3737567067146301, 0.0, -25.6300048828125, -119.13629150390625, 11.867724418640137, 1.0);">
<img src="triangulated_6.png" id="6" style="width: 24.147476px; height: 19.09938px; position: absolute; -webkit-transform: translate3d(-50%,-50%,0px) matrix3d(0.3820562026319817, 0.0, 0.925136966150638, 0.0, -0.19088232710385122, 0.9784239014799732, 0.07914615227750035, 0.0, -0.9051870703697205, -0.20683057606220245, 0.3737865090370178, 0.0, -25.942502975463867, -119.13626098632812, 11.112488746643066, 1.0);">
<img src="triangulated_7.png" id="7" style="width: 22.513512px; height: 44.529404px; position: absolute; -webkit-transform: translate3d(-50%,-50%,0px) matrix3d(0.38203661820178886, 0.0, 0.925168206411197, 0.0, -0.27630834471456767, 0.9542308913951888, 0.11456886609592007, 0.0, -0.88284832239151, -0.299401193857193, 0.3644927144050598, 0.0, -17.658061981201172, -149.72653198242188, 8.565495491027832, 1.0);">
<img src="triangulated_8.png" id="8" style="width: 16.99893px; height: 44.529198px; position: absolute; -webkit-transform: translate3d(-50%,-50%,0px) matrix3d(0.38207542137256373, 0.0, 0.9251520316303273, 0.0, -0.27629024179560685, 0.9542354915476596, 0.11457458850318922, 0.0, -0.8828370571136475, -0.2993866205215454, 0.36453163623809814, 0.0, -18.71250343322754, -149.72625732421875, 6.017501354217529, 1.0);">
<img src="triangulated_9.png" id="9" style="width: 11.484255px; height: 53.32463px; position: absolute; -webkit-transform: translate3d(-50%,-50%,0px) matrix3d(0.38211275388110727, 0.0, 0.9250947723731835, 0.0, -0.05922709305547059, 0.9979429678771645, 0.02456151226473175, 0.0, -0.9231928586959839, -0.06417594105005264, 0.38132423162460327, 0.0, -9.929011344909668, -197.5800018310547, 5.363591194152832, 1.0);">
<img src="triangulated_10.png" id="10" style="width: 10.066578px; height: 53.32469px; position: absolute; -webkit-transform: translate3d(-50%,-50%,0px) matrix3d(0.38203869130376433, 0.0, 0.9251255940283378, 0.0, -0.05924299783953049, 0.9979420081262121, 0.024562418763086118, 0.0, -0.9232227206230164, -0.06419100612401962, 0.38124996423721313, 0.0, -10.19999885559082, -197.58001708984375, 4.708750247955322, 1.0);">
<img src="triangulated_11.png" id="11" style="width: 9.462315px; height: 2.22081px; position: absolute; -webkit-transform: translate3d(-50%,-50%,0px) matrix3d(0.3820259098993132, 0.0011991619492128236, 0.9256160761778944, 0.0, 0.8132139703101575, 0.47461612355847405, -0.33731661315207756, 0.0, -0.43971681594848633, 0.8815876245498657, 0.1803404688835144, 0.0, -9.097501754760742, -224.71499633789062, 5.4575090408325195, 1.0);">
<img src="triangulated_12.png" id="12" style="width: 10.271566px; height: 2.2206955px; position: absolute; -webkit-transform: translate3d(-50%,-50%,0px) matrix3d(0.3820117693536723, 0.0011989194770766487, 0.9256218268156375, 0.0, 0.8132053239079721, 0.4746438968770135, -0.3372983290891033, 0.0, -0.43974512815475464, 0.8815725445747375, 0.1803445816040039, 0.0, -9.252296447753906, -224.7150115966797, 5.083689212799072, 1.0);">
<img src="triangulated_13.png" id="13" style="width: 10.271563px; height: 16.600616px; position: absolute; -webkit-transform: translate3d(-50%,-50%,0px) matrix3d(0.3820251040871379, 0.0, 0.9251305845286284, 0.0, -0.04600391125875811, 0.9987595875874168, 0.019071801121657832, 0.0, -0.923983633518219, -0.049845531582832336, 0.38154977560043335, 0.0, -9.773307800292969, -233.5325164794922, 5.299429416656494, 1.0);">
<img src="triangulated_14.png" id="14" style="width: 9.929346px; height: 16.600525px; position: absolute; -webkit-transform: translate3d(-50%,-50%,0px) matrix3d(0.38219752160700543, 0.0, 0.9250588115320996, 0.0, -0.045897916771920864, 0.9987651230541656, 0.019037594718694366, 0.0, -0.9239170551300049, -0.04973439499735832, 0.38172411918640137, 0.0, -9.838744163513184, -233.53250122070312, 5.1412482261657715, 1.0);">
<img src="triangulated_15.png" id="15" style="width: 9.587711px; height: 11.668787px; position: absolute; -webkit-transform: translate3d(-50%,-50%,0px) matrix3d(0.3825841524920246, -0.0017188257228954174, 0.9256749875867522, 0.0, -0.9168584332310917, 0.122699474831608, 0.38061071078195335, 0.0, -0.11423403024673462, -0.9943285584449768, 0.04536694288253784, 0.0, -4.043666839599609, -242.5425567626953, 2.925020456314087, 1.0);">
<img src="triangulated_16.png" id="16" style="width: 8.684112px; height: 9.163761px; position: absolute; -webkit-transform: translate3d(-50%,-50%,0px) matrix3d(0.6910830292997072, -0.0012150358931796862, 0.7240480379446037, 0.0, -0.713795808163131, 0.15599304850936302, 0.6839635156604514, 0.0, -0.1137775108218193, -0.9894980192184448, 0.10693687200546265, 0.0, -4.956249713897705, -242.54248046875, 0.7225047945976257, 1.0);">
<img src="triangulated_17.png" id="17" style="width: 24.044672px; height: 29.289686px; position: absolute; -webkit-transform: translate3d(-50%,-50%,0px) matrix3d(0.9238728673461384, 0.0, 0.38335953903941444, 0.0, 0.3792344990484973, 0.13275927670394927, -0.9173076654992769, 0.0, -0.05147075653076172, 0.9928588271141052, 0.1224144697189331, 0.0, -4.254821300506592, 0.7664027214050293, 14.119582176208496, 1.0);">
<img src="triangulated_18.png" id="18" style="width: 24.846298px; height: 5.8023415px; position: absolute; -webkit-transform: translate3d(-50%,-50%,0px) matrix3d(0.9244692276640034, 0.0, 0.381235045077674, 0.0, 0.12719278033411885, 0.9431411510936883, -0.30707682165165706, 0.0, -0.35939428210258484, 0.33237341046333313, 0.8719729781150818, 0.0, -9.807478904724121, -3.934847116470337, 28.574949264526367, 1.0);">
<img src="triangulated_19.png" id="19" style="width: 25.647331px; height: 5.8017435px; position: absolute; -webkit-transform: translate3d(-50%,-50%,0px) matrix3d(0.9244411538112157, 0.0, 0.3813029284672524, 0.0, 0.12710558802607047, 0.9432415330464112, -0.30680452306436035, 0.0, -0.3594971299171448, 0.3320884704589844, 0.8720390796661377, 0.0, -10.177706718444824, -3.9349377155303955, 28.42234230041504, 1.0);">
<img src="triangulated_20.png" id="20" style="width: 25.717722px; height: 103.12262px; position: absolute; -webkit-transform: translate3d(-50%,-50%,0px) matrix3d(0.9246897869148121, 0.0, 0.3806875737737943, 0.0, 0.0, 0.999998795226074, -0.0014282023357351215, 0.0, -0.38068705797195435, 0.0015596410958096385, 0.9246886968612671, 0.0, -10.547499656677246, -58.2308235168457, 29.402498245239258, 1.0);">
<img src="triangulated_21.png" id="21" style="width: 25.781927px; height: 103.12262px; position: absolute; -webkit-transform: translate3d(-50%,-50%,0px) matrix3d(0.9247139853392632, 0.0, 0.3806288686505764, 0.0, 0.0, 0.9999987366813181, -0.001444002818905897, 0.0, -0.3806283473968506, 0.0015754213090986013, 0.9247128367424011, 0.0, -10.577337265014648, -58.23162841796875, 29.390214920043945, 1.0);">
<img src="triangulated_22.png" id="22" style="width: 25.78194px; height: 19.09967px; position: absolute; -webkit-transform: translate3d(-50%,-50%,0px) matrix3d(0.924606698689979, 0.0, 0.38089176387798424, 0.0, -0.07869171592859468, 0.9786295839079565, 0.1899627098445827, 0.0, -0.37267589569091797, -0.20561382174491882, 0.9048789739608765, 0.0, -9.8584623336792, -119.1380615234375, 27.650636672973633, 1.0);">
<img src="triangulated_23.png" id="23" style="width: 24.147808px; height: 19.099792px; position: absolute; -webkit-transform: translate3d(-50%,-50%,0px) matrix3d(0.9245953062256232, 0.0, 0.38091938154795213, 0.0, -0.07871064302128938, 0.9786220178976579, 0.1899939808510175, 0.0, -0.37270012497901917, -0.2056499570608139, 0.90486079454422, 0.0, -10.607261657714844, -119.13475036621094, 27.32335662841797, 1.0);">
<img src="triangulated_24.png" id="24" style="width: 22.513481px; height: 44.52944px; position: absolute; -webkit-transform: translate3d(-50%,-50%,0px) matrix3d(0.9244954719247377, 0.0, 0.381167573737745, 0.0, -0.1139789013423615, 0.9546190092917449, 0.2751388295490887, 0.0, -0.36372998356819153, -0.2978096604347229, 0.882598876953125, 0.0, -6.557641983032227, -149.73037719726562, 19.682422637939453, 1.0);">
<img src="triangulated_25.png" id="25" style="width: 16.998295px; height: 44.52967px; position: absolute; -webkit-transform: translate3d(-50%,-50%,0px) matrix3d(0.9244793561477939, 0.0, 0.38120665607580306, 0.0, -0.11399700053894614, 0.9546144360433064, 0.2751472690222503, 0.0, -0.36376526951789856, -0.2978243827819824, 0.8825793266296387, 0.0, -9.096572875976562, -149.72344970703125, 18.606689453125, 1.0);">
<img src="triangulated_26.png" id="26" style="width: 11.484232px; height: 53.32469px; position: absolute; -webkit-transform: translate3d(-50%,-50%,0px) matrix3d(0.9246756063361813, 0.0, 0.3807221452969623, 0.0, -0.02440936537515929, 0.9979640340800519, 0.05891796698047781, 0.0, -0.3799390196800232, -0.06377319246530533, 0.9227963089942932, 0.0, -3.3541364669799805, -197.58055114746094, 11.948843955993652, 1.0);">
<img src="triangulated_27.png" id="27" style="width: 10.067743px; height: 53.324768px; position: absolute; -webkit-transform: translate3d(-50%,-50%,0px) matrix3d(0.9246464041041612, 0.0, 0.3807929977146628, 0.0, -0.024422985063406705, 0.997963147618708, 0.058927865900390154, 0.0, -0.38000914454460144, -0.063787542283535, 0.9227664470672607, 0.0, -4.0023088455200195, -197.57955932617188, 11.663459777832031, 1.0);">
<img src="triangulated_28.png" id="28" style="width: 9.463612px; height: 2.2205582px; position: absolute; -webkit-transform: translate3d(-50%,-50%,0px) matrix3d(0.9238162203304375, 0.0, 0.3831827153383807, 0.0, 0.3368684373199709, 0.47481890679820243, -0.8137958916439425, 0.0, -0.18205267190933228, 0.8808799982070923, 0.43859976530075073, 0.0, -2.6974995136260986, -224.71499633789062, 11.418755531311035, 1.0);">
<img src="triangulated_29.png" id="29" style="width: 10.271563px; height: 2.2219925px; position: absolute; -webkit-transform: translate3d(-50%,-50%,0px) matrix3d(0.9238819298519042, 0.0, 0.3830242074273712, 0.0, 0.336792029065031, 0.4745116626680181, -0.8140076054115621, 0.0, -0.18186022341251373, 0.8810464143753052, 0.4383469223976135, 0.0, -3.0709145069122314, -224.71493530273438, 11.264150619506836, 1.0);">
<img src="triangulated_30.png" id="30" style="width: 10.27154px; height: 16.600601px; position: absolute; -webkit-transform: translate3d(-50%,-50%,0px) matrix3d(0.9247162075468374, 0.0, 0.38062345733482705, 0.0, -0.018916402798080875, 0.9987781155876833, 0.04565140781985631, 0.0, -0.38015320897102356, -0.04941462352871895, 0.9235884547233582, 0.0, -3.287977695465088, -233.53260803222656, 11.7885160446167, 1.0);">
<img src="triangulated_31.png" id="31" style="width: 9.929918px; height: 16.600601px; position: absolute; -webkit-transform: translate3d(-50%,-50%,0px) matrix3d(0.9246455103039865, 0.0, 0.3807952130929517, 0.0, -0.018959029274270546, 0.9987726554686102, 0.04575346033814564, 0.0, -0.38032305240631104, -0.04952523857355118, 0.9235126376152039, 0.0, -3.444345474243164, -233.53240966796875, 11.7196626663208, 1.0);">
<img src="triangulated_32.png" id="32" style="width: 9.58771px; height: 11.649996px; position: absolute; -webkit-transform: translate3d(-50%,-50%,0px) matrix3d(0.9238083746517651, 0.0, 0.383524311738703, 0.0, -0.37991917927513286, 0.122071363971514, 0.9185336346033495, 0.0, -0.04740564897656441, -0.9942573308944702, 0.11252719163894653, 0.0, -0.9161497354507446, -242.5425262451172, 6.064878463745117, 1.0);">
<img src="triangulated_33.png" id="33" style="width: 24.04236px; height: 29.289202px; position: absolute; -webkit-transform: translate3d(-50%,-50%,0px) matrix3d(0.9238575158902035, 0.0, -0.3833966240291391, 0.0, -0.3792710917731864, 0.13276157238664132, -0.9172921032654824, 0.0, 0.05147653445601463, 0.9928584694862366, 0.12241452932357788, 0.0, 6.85312557220459, 0.7664061188697815, 14.120019912719727, 1.0);">
<img src="triangulated_34.png" id="34" style="width: 24.845608px; height: 5.8023405px; position: absolute; -webkit-transform: translate3d(-50%,-50%,0px) matrix3d(0.9244544213335024, 0.0, -0.3812708936855205, 0.0, -0.12714905648195013, 0.9431914833161995, -0.306940352975122, 0.0, 0.35944777727127075, 0.3322305977344513, 0.8720053434371948, 0.0, 13.14642333984375, -3.9359934329986572, 28.264888763427734, 1.0);">
<img src="triangulated_35.png" id="35" style="width: 25.647331px; height: 5.8026657px; position: absolute; -webkit-transform: translate3d(-50%,-50%,0px) matrix3d(0.9244406967177323, 0.0, -0.3813041644215298, 0.0, -0.12721234279641924, 0.9431443264067184, -0.3070590119491272, 0.0, 0.3594606816768646, 0.33236443996429443, 0.8719490170478821, 0.0, 12.778417587280273, -3.9338037967681885, 28.42407989501953, 1.0);">
<img src="triangulated_36.png" id="36" style="width: 25.709335px; height: 103.12346px; position: absolute; -webkit-transform: translate3d(-50%,-50%,0px) matrix3d(0.9246897864649969, 0.0, -0.38068760584982975, 0.0, 0.0, 0.9999987956758892, -0.0014347877069779507, 0.0, 0.38068708777427673, 0.0015662264777347445, 0.9246886372566223, 0.0, 13.208619117736816, -58.23125076293945, 29.377185821533203, 1.0);">
<img src="triangulated_37.png" id="37" style="width: 25.779615px; height: 103.122635px; position: absolute; -webkit-transform: translate3d(-50%,-50%,0px) matrix3d(0.9247000217437744, 0.0, -0.38066262006759644, 0.0, 0.0, 0.9999987483024597, -0.0015596580924466252, 0.0, 0.38066262006759644, 0.0015596580924466252, 0.9246987700462341, 0.0, 13.192839622497559, -58.235260009765625, 29.38457489013672, 1.0);">
<img src="triangulated_38.png" id="38" style="width: 25.779627px; height: 19.099358px; position: absolute; -webkit-transform: translate3d(-50%,-50%,0px) matrix3d(0.924592688521861, 0.0, -0.38092578426884405, 0.0, 0.078692934581434, 0.9786319216402277, 0.18995018512506526, 0.0, 0.3727104067802429, -0.2056027203798294, 0.9048672914505005, 0.0, 12.454476356506348, -119.13644409179688, 27.644136428833008, 1.0);">
<img src="triangulated_39.png" id="39" style="width: 24.147617px; height: 19.099342px; position: absolute; -webkit-transform: translate3d(-50%,-50%,0px) matrix3d(0.9245952834625591, 0.0, -0.3809194281725221, 0.0, 0.07869661346007792, 0.978630111929906, 0.18995814730592103, 0.0, 0.3727031350135803, -0.2056114822626114, 0.9048683047294617, 0.0, 11.699989318847656, -119.13639068603516, 27.954971313476562, 1.0);">
<img src="triangulated_40.png" id="40" style="width: 22.513481px; height: 44.529434px; position: absolute; -webkit-transform: translate3d(-50%,-50%,0px) matrix3d(0.9244954965741496, 0.0, -0.3811675192776168, 0.0, 0.11398252319071381, 0.9546159640679437, 0.27514794196258696, 0.0, 0.363728791475296, -0.29781946539878845, 0.8825960159301758, 0.0, 9.154136657714844, -149.72747802734375, 19.673913955688477, 1.0);">
<img src="triangulated_41.png" id="41" style="width: 16.999392px; height: 44.52909px; position: absolute; -webkit-transform: translate3d(-50%,-50%,0px) matrix3d(0.9244794760633579, 0.0, -0.38120636469346214, 0.0, 0.11398888823240569, 0.9546204695077556, 0.2751297243614286, 0.0, 0.36376750469207764, -0.2978050708770752, 0.8825849294662476, 0.0, 6.604991436004639, -149.72633361816406, 20.72498321533203, 1.0);">
<img src="triangulated_42.png" id="42" style="width: 11.48423px; height: 53.324783px; position: absolute; -webkit-transform: translate3d(-50%,-50%,0px) matrix3d(0.9246755411278805, 0.0, -0.38072236391552444, 0.0, 0.02442392639263891, 0.997962141691673, 0.05894446794816804, 0.0, 0.3799383044242859, -0.06380324065685272, 0.92279452085495, 0.0, 5.951055526733398, -197.58009338378906, 11.941596984863281, 1.0);">
<img src="triangulated_43.png" id="43" style="width: 10.068602px; height: 53.324646px; position: absolute; -webkit-transform: translate3d(-50%,-50%,0px) matrix3d(0.9246043280506799, 0.0, -0.38089523540590237, 0.0, 0.02442233854042849, 0.9979643382223473, 0.05890744744765761, 0.0, 0.3801116347312927, -0.0637684315443039, 0.9227255582809448, 0.0, 5.296248912811279, -197.5800323486328, 12.211247444152832, 1.0);">
<img src="triangulated_44.png" id="44" style="width: 9.461788px; height: 2.2230377px; position: absolute; -webkit-transform: translate3d(-50%,-50%,0px) matrix3d(0.9237737806676908, 0.0, -0.38328568138345154, 0.0, -0.337067716069072, 0.47428794925098783, -0.8140244250005546, 0.0, 0.18189901113510132, 0.8811676502227783, 0.43808871507644653, 0.0, 6.044923782348633, -224.71534729003906, 11.109834671020508, 1.0);">
<img src="triangulated_45.png" id="45" style="width: 10.271563px; height: 2.2206802px; position: absolute; -webkit-transform: translate3d(-50%,-50%,0px) matrix3d(0.9238820231767767, 0.0, -0.3830237002387029, 0.0, -0.33673402170000527, 0.474792638142016, -0.8138669721910574, 0.0, 0.1819671392440796, 0.8808941841125488, 0.43860673904418945, 0.0, 5.671262741088867, -224.714599609375, 11.264967918395996, 1.0);">
<img src="triangulated_46.png" id="46" style="width: 10.271542px; height: 16.60057px; position: absolute; -webkit-transform: translate3d(-50%,-50%,0px) matrix3d(0.9247163671003111, 0.0, -0.38062309681833273, 0.0, 0.0189486030280989, 0.9987728393794236, 0.04575351193136481, 0.0, 0.38015124201774597, -0.049521297216415405, 0.9235835671424866, 0.0, 5.887054920196533, -233.53250122070312, 11.786079406738281, 1.0);">
<img src="triangulated_47.png" id="47" style="width: 9.929293px; height: 16.600494px; position: absolute; -webkit-transform: translate3d(-50%,-50%,0px) matrix3d(0.9246455342680924, 0.0, -0.38079506693736276, 0.0, 0.018914176812964673, 0.9987783350659122, 0.04564831398566164, 0.0, 0.3803251385688782, -0.04941093549132347, 0.9235178828239441, 0.0, 5.728750705718994, -233.53250122070312, 11.851250648498535, 1.0);">
<img src="triangulated_48.png" id="48" style="width: 9.587711px; height: 11.638601px; position: absolute; -webkit-transform: translate3d(-50%,-50%,0px) matrix3d(0.9238083519673631, 0.0, -0.38352435416342473, 0.0, 0.37991357815791504, 0.12219280264649669, 0.9185194961841368, 0.0, 0.04745205119252205, -0.9942420721054077, 0.11263948678970337, 0.0, 3.5183498859405518, -242.5426025390625, 6.070215225219727, 1.0);">
<img src="triangulated_49.png" id="49" style="width: 24.045624px; height: 29.288536px; position: absolute; -webkit-transform: translate3d(-50%,-50%,0px) matrix3d(0.38249619380182737, -0.0017061434767415978, -0.925703255745529, 0.0, -0.9155907780082775, 0.13356717540010093, -0.3799974767503865, 0.0, 0.12429190427064896, 0.9929129481315613, 0.04952681064605713, 0.0, 14.706896781921387, 0.7663949728012085, 6.2662506103515625, 1.0);">
<img src="triangulated_50.png" id="50" style="width: 24.847404px; height: 5.8023357px; position: absolute; -webkit-transform: translate3d(-50%,-50%,0px) matrix3d(0.382078893758476, 0.0, -0.9251616405696134, 0.0, -0.3082654022773179, 0.9426906020851451, -0.12784088259093937, 0.0, 0.8721721172332764, 0.33404064178466797, 0.3601076006889343, 0.0, 29.1612491607666, -3.9349987506866455, 11.819999694824219, 1.0);">
<img src="triangulated_51.png" id="51" style="width: 25.647362px; height: 5.8025093px; position: absolute; -webkit-transform: translate3d(-50%,-50%,0px) matrix3d(0.3820592448236565, 0.0, -0.9251697967026673, 0.0, -0.3083421324090244, 0.9426622577980617, -0.1278650469513716, 0.0, 0.8721535801887512, 0.33412086963653564, 0.36007821559906006, 0.0, 29.008281707763672, -3.9349610805511475, 12.189594268798828, 1.0);">
<img src="triangulated_52.png" id="52" style="width: 25.721653px; height: 103.12262px; position: absolute; -webkit-transform: translate3d(-50%,-50%,0px) matrix3d(0.3821071841407285, 0.0, -0.9250951600227397, 0.0, -0.0014217150974563256, 0.9999987590114644, 0.0, 0.0, 0.9250940680503845, 0.0015698859933763742, 0.38210660219192505, 0.0, 29.9899959564209, -58.2303352355957, 12.559998512268066, 1.0);">
<img src="triangulated_53.png" id="53" style="width: 25.78294px; height: 103.12262px; position: absolute; -webkit-transform: translate3d(-50%,-50%,0px) matrix3d(0.38213136283177784, 0.0, -0.9250849987936349, 0.0, -0.0014400269940510206, 0.9999987570177663, 0.0, 0.0, 0.9250838756561279, 0.0015634194714948535, 0.38213086128234863, 0.0, 29.977031707763672, -58.23133850097656, 12.59134292602539, 1.0);">
<img src="triangulated_54.png" id="54" style="width: 25.78294px; height: 19.09935px; position: absolute; -webkit-transform: translate3d(-50%,-50%,0px) matrix3d(0.382111681900823, 0.0, -0.9251138353110107, 0.0, 0.19087316622842904, 0.9784249620509474, 0.07915534586129516, 0.0, 0.9051653742790222, -0.20682558417320251, 0.3738412857055664, 0.0, 28.229209899902344, -119.13630676269531, 11.867703437805176, 1.0);">
<img src="triangulated_55.png" id="55" style="width: 24.148987px; height: 19.099052px; position: absolute; -webkit-transform: translate3d(-50%,-50%,0px) matrix3d(0.3820561555452934, 0.0, -0.9251369501698083, 0.0, 0.19081116322180153, 0.9784401943495318, 0.0791158615830505, 0.0, 0.9052020907402039, -0.20675316452980042, 0.3737928867340088, 0.0, 27.916242599487305, -119.1362533569336, 12.6225004196167, 1.0);">
<img src="triangulated_56.png" id="56" style="width: 22.513512px; height: 44.52996px; position: absolute; -webkit-transform: translate3d(-50%,-50%,0px) matrix3d(0.3820363348207601, 0.0, -0.9251684160012398, 0.0, 0.2763430189839069, 0.9542191615754804, 0.11458293962263341, 0.0, 0.8828376531600952, -0.2994386851787567, 0.36448800563812256, 0.0, 20.257205963134766, -149.7265167236328, 8.565156936645508, 1.0);">
