<div id='clickable' style='left:150px;position:absolute;'>
<div id='clickable_0' onClick='p212201LoadLink();' style='width: 25.681618px; height: 84.287315px; position: absolute; -webkit-transform: translate3d(-50%,-50%,0px) matrix3d(0.9246900081634521, 0.0, 0.3806869089603424, 0.0, 0.0, 0.999998152256012, -0.0018811176996678114, 0.0, -0.3806869089603424, 0.0018811176996678114, 0.9246881604194641, 0.0, -9.930447578430176, -54.048614501953125, 28.577796936035156, 1.0);'></div>
<div id='clickable_1' onClick='p212201LoadLink();' style='width: 25.781925px; height: 84.28742px; position: absolute; -webkit-transform: translate3d(-50%,-50%,0px) matrix3d(0.924714207649231, 0.0, 0.3806281089782715, 0.0, 0.0, 0.999998152256012, -0.0019004321657121181, 0.0, -0.3806281089782715, 0.0019004321657121181, 0.9247123003005981, 0.0, -9.942610740661621, -53.936256408691406, 28.572635650634766, 1.0);'></div>
<div id='clickable_2' onClick='p212201LoadLink();' style='width: 25.716341px; height: 84.27765px; position: absolute; -webkit-transform: translate3d(-50%,-50%,0px) matrix3d(0.924689824011302, 0.0, -0.38068750873717666, 0.0, 0.0, 0.9999982216878132, -0.0017577366681903175, 0.0, 0.38068687915802, 0.0018891753861680627, 0.9246881604194641, 0.0, 12.400389671325684, -54.0482177734375, 28.567058563232422, 1.0);'></div>
<div id='clickable_3' onClick='p212201LoadLink();' style='width: 25.779613px; height: 84.277664px; position: absolute; -webkit-transform: translate3d(-50%,-50%,0px) matrix3d(0.9247000813484192, 0.0, -0.3806624114513397, 0.0, 0.0, 0.999998152256012, -0.0018811419140547514, 0.0, 0.3806624114513397, 0.0018811419140547514, 0.9246982336044312, 0.0, 12.417302131652832, -53.9408073425293, 28.560619354248047, 1.0);'></div>
</div>
