<div id='model' style='left:150px;position:absolute;'>
<div id='model_0' style='background-position: 0px 0px; background-size: 187.49438px 146.63678px; width: 24.044676px; height: 29.025743px; position: absolute; -webkit-transform: translate3d(-50%,-50%,0px) matrix3d(-0.3826372602263217, -0.0018532925118990256, -0.9257503600451348, 0.0, -0.9238586898126421, 0.01006956774695705, 0.3833688646617788, 0.0, 0.008611410856246948, 1.0019537210464478, -0.005565166473388672, 0.0, -11.362759590148926, -1.2550933361053467, 5.883869171142578, 1.0);'></div>
<div id='model_1' style='background-position: 188px 0px; background-size: 67.4816px 10.342407px; width: 24.845768px; height: 5.8017263px; position: absolute; -webkit-transform: translate3d(-50%,-50%,0px) matrix3d(0.3819898152840815, 0.0, 0.9251986966279558, 0.0, 0.30801611997640554, 0.9427907424881449, -0.1277029005275461, 0.0, -0.8722996711730957, 0.33375731110572815, 0.3600619435310364, 0.0, -24.686819076538086, -3.7025461196899414, 11.792574882507324, 1.0);'></div>
<div id='model_2' style='background-position: 256px 0px; background-size: 67.4816px 10.342407px; width: 25.647362px; height: 5.802351px; position: absolute; -webkit-transform: translate3d(-50%,-50%,0px) matrix3d(0.38205951528706333, 0.0, 0.9251696692094774, 0.0, 0.3082704406917699, 0.9426897022569489, -0.12783558388859387, 0.0, -0.872178852558136, 0.3340432643890381, 0.36008894443511963, 0.0, -24.816675186157227, -3.6952168941497803, 11.472622871398926, 1.0);'></div>
<div id='model_3' style='background-position: 324px 0px; background-size: 67.4816px 295.62885px; width: 25.706589px; height: 103.12472px; position: absolute; -webkit-transform: translate3d(-50%,-50%,0px) matrix3d(0.3821071737315633, 0.0, 0.9250951756071564, 0.0, 0.0014323740792401992, 0.9999987694206296, 0.0, 0.0, -0.9250940680503845, 0.0015858444385230541, 0.38210660219192505, 0.0, -25.729724884033203, -54.80611801147461, 11.849435806274414, 1.0);'></div>
<div id='model_4' style='background-position: 392px 0px; background-size: 67.4816px 295.62885px; width: 25.781982px; height: 103.12445px; position: absolute; -webkit-transform: translate3d(-50%,-50%,0px) matrix3d(0.382048235079203, 0.0, 0.9251196575580325, 0.0, 0.001421755784573603, 0.9999987591074161, 0.0, 0.0, -0.9251185655593872, 0.0015699248760938644, 0.3820476531982422, 0.0, -25.72983741760254, -54.66862487792969, 11.848636627197266, 1.0);'></div>
<div id='model_5' style='background-position: 460px 0px; background-size: 67.4816px 56.115173px; width: 25.78198px; height: 19.099533px; position: absolute; -webkit-transform: translate3d(-50%,-50%,0px) matrix3d(0.38202869030518916, 0.0, 0.9251484687872085, 0.0, -0.19091817583860077, 0.9784162491679947, 0.0791540111994673, 0.0, -0.9051912426948547, -0.2068667709827423, 0.3737567067146301, 0.0, -24.095518112182617, -112.00057220458984, 11.140788078308105, 1.0);'></div>
<div id='model_6' style='background-position: 528px 0px; background-size: 67.4816px 56.115173px; width: 24.147476px; height: 19.09938px; position: absolute; -webkit-transform: translate3d(-50%,-50%,0px) matrix3d(0.3820562026319817, 0.0, 0.925136966150638, 0.0, -0.19088232710385122, 0.9784239014799732, 0.07914615227750035, 0.0, -0.9051870703697205, -0.20683057606220245, 0.3737865090370178, 0.0, -24.383054733276367, -111.97562408447266, 10.459606170654297, 1.0);'></div>
<div id='model_7' style='background-position: 596px 0px; background-size: 67.4816px 177.2544px; width: 22.513512px; height: 44.529404px; position: absolute; -webkit-transform: translate3d(-50%,-50%,0px) matrix3d(0.38203661820178886, 0.0, 0.925168206411197, 0.0, -0.27630834471456767, 0.9542308913951888, 0.11456886609592007, 0.0, -0.88284832239151, -0.299401193857193, 0.3644927144050598, 0.0, -16.59330940246582, -140.77127075195312, 8.041097640991211, 1.0);'></div>
<div id='model_8' style='background-position: 664px 0px; background-size: 67.4816px 177.2544px; width: 16.99893px; height: 44.529198px; position: absolute; -webkit-transform: translate3d(-50%,-50%,0px) matrix3d(0.38207542137256373, 0.0, 0.9251520316303273, 0.0, -0.27629024179560685, 0.9542354915476596, 0.11457458850318922, 0.0, -0.8828370571136475, -0.2993866205215454, 0.36453163623809814, 0.0, -17.5964298248291, -140.71434020996094, 5.663524627685547, 1.0);'></div>
<div id='model_9' style='background-position: 732px 0px; background-size: 67.4816px 310.3744px; width: 11.484255px; height: 53.32463px; position: absolute; -webkit-transform: translate3d(-50%,-50%,0px) matrix3d(0.38211275388110727, 0.0, 0.9250947723731835, 0.0, -0.05922709305547059, 0.9979429678771645, 0.02456151226473175, 0.0, -0.9231928586959839, -0.06417594105005264, 0.38132423162460327, 0.0, -9.3333740234375, -185.76068115234375, 5.035576820373535, 1.0);'></div>
<div id='model_10' style='background-position: 800px 0px; background-size: 67.4816px 310.3744px; width: 10.066578px; height: 53.32469px; position: absolute; -webkit-transform: translate3d(-50%,-50%,0px) matrix3d(0.38203869130376433, 0.0, 0.9251255940283378, 0.0, -0.05924299783953049, 0.9979420081262121, 0.024562418763086118, 0.0, -0.9232227206230164, -0.06419100612401962, 0.38124996423721313, 0.0, -9.58825969696045, -185.6897430419922, 4.431553363800049, 1.0);'></div>
<div id='model_11' style='background-position: 868px 0px; background-size: 67.4816px 16.076782px; width: 9.462315px; height: 2.22081px; position: absolute; -webkit-transform: translate3d(-50%,-50%,0px) matrix3d(0.3820259098993132, 0.0011991619492128236, 0.9256160761778944, 0.0, 0.8132139703101575, 0.47461612355847405, -0.33731661315207756, 0.0, -0.43971681594848633, 0.8815876245498657, 0.1803404688835144, 0.0, -8.554855346679688, -211.23280334472656, 5.125728130340576, 1.0);'></div>
<div id='model_12' style='background-position: 936px 0px; background-size: 67.4816px 16.076782px; width: 10.271566px; height: 2.2206955px; position: absolute; -webkit-transform: translate3d(-50%,-50%,0px) matrix3d(0.3820117693536723, 0.0011989194770766487, 0.9256218268156375, 0.0, 0.8132053239079721, 0.4746438968770135, -0.3372983290891033, 0.0, -0.43974512815475464, 0.8815725445747375, 0.1803445816040039, 0.0, -8.693748474121094, -211.23141479492188, 4.783499240875244, 1.0);'></div>
<div id='model_13' style='background-position: 1004px 0px; background-size: 67.4816px 105.36963px; width: 10.271563px; height: 16.600616px; position: absolute; -webkit-transform: translate3d(-50%,-50%,0px) matrix3d(0.3820251040871379, 0.0, 0.9251305845286284, 0.0, -0.04600391125875811, 0.9987595875874168, 0.019071801121657832, 0.0, -0.923983633518219, -0.049845531582832336, 0.38154977560043335, 0.0, -9.188846588134766, -219.5316162109375, 4.975347995758057, 1.0);'></div>
<div id='model_14' style='background-position: 1072px 0px; background-size: 67.4816px 105.36963px; width: 9.929346px; height: 16.600525px; position: absolute; -webkit-transform: translate3d(-50%,-50%,0px) matrix3d(0.38219752160700543, 0.0, 0.9250588115320996, 0.0, -0.045897916771920864, 0.9987651230541656, 0.019037594718694366, 0.0, -0.9239170551300049, -0.04973439499735832, 0.38172411918640137, 0.0, -9.246567726135254, -219.50950622558594, 4.838678359985352, 1.0);'></div>
<div id='model_15' style='background-position: 1140px 0px; background-size: 113.254395px 91.2384px; width: 9.587711px; height: 11.668787px; position: absolute; -webkit-transform: translate3d(-50%,-50%,0px) matrix3d(0.3825841524920246, -0.0017188257228954174, 0.9256749875867522, 0.0, -0.9168584332310917, 0.122699474831608, 0.38061071078195335, 0.0, -0.11423403024673462, -0.9943285584449768, 0.04536694288253784, 0.0, -3.7939281463623047, -227.990966796875, 2.746532678604126, 1.0);'></div>
<div id='model_16' style='background-position: 1254px 0px; background-size: 95.33441px 68.812805px; width: 8.684112px; height: 9.163761px; position: absolute; -webkit-transform: translate3d(-50%,-50%,0px) matrix3d(0.6910830292997072, -0.0012150358931796862, 0.7240480379446037, 0.0, -0.713795808163131, 0.15599304850936302, 0.6839635156604514, 0.0, -0.1137775108218193, -0.9894980192184448, 0.10693687200546265, 0.0, -4.667162895202637, -227.9889678955078, 0.6792178750038147, 1.0);'></div>
<div id='model_17' style='background-position: 1350px 0px; background-size: 148.5824px 199.47516px; width: 24.044672px; height: 29.025742px; position: absolute; -webkit-transform: translate3d(-50%,-50%,0px) matrix3d(-0.9239080612246723, 0.0, -0.3833851931214483, 0.0, -0.3825979657527968, 0.011166880534279318, 0.9257101562683449, 0.0, 0.0035662828013300896, 1.0019534826278687, -0.0106126070022583, 0.0, -3.992119550704956, -1.2550876140594482, 13.254510879516602, 1.0);'></div>
<div id='model_18' style='background-position: 1499px 0px; background-size: 67.481606px 10.342407px; width: 24.846298px; height: 5.8023415px; position: absolute; -webkit-transform: translate3d(-50%,-50%,0px) matrix3d(0.9244692276640034, 0.0, 0.381235045077674, 0.0, 0.12719278033411885, 0.9431411510936883, -0.30707682165165706, 0.0, -0.35939428210258484, 0.33237341046333313, 0.8719729781150818, 0.0, -9.233839988708496, -3.702402353286743, 26.855716705322266, 1.0);'></div>
<div id='model_19' style='background-position: 1567px 0px; background-size: 67.481606px 10.342407px; width: 25.647331px; height: 5.8017435px; position: absolute; -webkit-transform: translate3d(-50%,-50%,0px) matrix3d(0.9244411538112157, 0.0, 0.3813029284672524, 0.0, 0.12710558802607047, 0.9432415330464112, -0.30680452306436035, 0.0, -0.3594971299171448, 0.3320884704589844, 0.8720390796661377, 0.0, -9.551741600036621, -3.695194721221924, 26.721946716308594, 1.0);'></div>
<div id='model_20' style='background-position: 1635px 0px; background-size: 67.481606px 295.62885px; width: 25.717722px; height: 103.12262px; position: absolute; -webkit-transform: translate3d(-50%,-50%,0px) matrix3d(0.9246897869148121, 0.0, 0.3806875737737943, 0.0, 0.0, 0.999998795226074, -0.0014282023357351215, 0.0, -0.38068705797195435, 0.0015596410958096385, 0.9246886968612671, 0.0, -9.93044662475586, -54.805721282958984, 27.631921768188477, 1.0);'></div>
<div id='model_21' style='background-position: 1703px 0px; background-size: 67.481606px 295.62885px; width: 25.781927px; height: 103.12262px; position: absolute; -webkit-transform: translate3d(-50%,-50%,0px) matrix3d(0.9247139853392632, 0.0, 0.3806288686505764, 0.0, 0.0, 0.9999987366813181, -0.001444002818905897, 0.0, -0.3806283473968506, 0.0015754213090986013, 0.9247128367424011, 0.0, -9.92685317993164, -54.668983459472656, 27.63324737548828, 1.0);'></div>
<div id='model_22' style='background-position: 1771px 0px; background-size: 67.481606px 56.115173px; width: 25.78194px; height: 19.09967px; position: absolute; -webkit-transform: translate3d(-50%,-50%,0px) matrix3d(0.924606698689979, 0.0, 0.38089176387798424, 0.0, -0.07869171592859468, 0.9786295839079565, 0.1899627098445827, 0.0, -0.37267589569091797, -0.20561382174491882, 0.9048789739608765, 0.0, -9.279828071594238, -112.00224304199219, 25.983457565307617, 1.0);'></div>
<div id='model_23' style='background-position: 1839px 0px; background-size: 67.481606px 56.115173px; width: 24.147808px; height: 19.099792px; position: absolute; -webkit-transform: translate3d(-50%,-50%,0px) matrix3d(0.9245953062256232, 0.0, 0.38091938154795213, 0.0, -0.07871064302128938, 0.9786220178976579, 0.1899939808510175, 0.0, -0.37270012497901917, -0.2056499570608139, 0.90486079454422, 0.0, -9.958961486816406, -111.97419738769531, 25.691686630249023, 1.0);'></div>
<div id='model_24' style='background-position: 0px 311px; background-size: 67.481606px 177.2544px; width: 22.513481px; height: 44.52944px; position: absolute; -webkit-transform: translate3d(-50%,-50%,0px) matrix3d(0.9244954719247377, 0.0, 0.381167573737745, 0.0, -0.1139789013423615, 0.9546190092917449, 0.2751388295490887, 0.0, -0.36372998356819153, -0.2978096604347229, 0.882598876953125, 0.0, -6.167881011962891, -140.77490234375, 18.490398406982422, 1.0);'></div>
<div id='model_25' style='background-position: 68px 311px; background-size: 67.481606px 177.2544px; width: 16.998295px; height: 44.52967px; position: absolute; -webkit-transform: translate3d(-50%,-50%,0px) matrix3d(0.9244793561477939, 0.0, 0.38120665607580306, 0.0, -0.11399700053894614, 0.9546144360433064, 0.2751472690222503, 0.0, -0.36376526951789856, -0.2978243827819824, 0.8825793266296387, 0.0, -8.550484657287598, -140.71170043945312, 17.499977111816406, 1.0);'></div>
<div id='model_26' style='background-position: 136px 311px; background-size: 67.481606px 310.3744px; width: 11.484232px; height: 53.32469px; position: absolute; -webkit-transform: translate3d(-50%,-50%,0px) matrix3d(0.9246756063361813, 0.0, 0.3807221452969623, 0.0, -0.02440936537515929, 0.9979640340800519, 0.05891796698047781, 0.0, -0.3799390196800232, -0.06377319246530533, 0.9227963089942932, 0.0, -3.157358169555664, -185.76119995117188, 11.227632522583008, 1.0);'></div>
<div id='model_27' style='background-position: 204px 311px; background-size: 67.481606px 310.3744px; width: 10.067743px; height: 53.324768px; position: absolute; -webkit-transform: translate3d(-50%,-50%,0px) matrix3d(0.9246464041041612, 0.0, 0.3807929977146628, 0.0, -0.024422985063406705, 0.997963147618708, 0.058927865900390154, 0.0, -0.38000914454460144, -0.063787542283535, 0.9227664470672607, 0.0, -3.758572816848755, -185.68931579589844, 10.96757984161377, 1.0);'></div>
<div id='model_28' style='background-position: 272px 311px; background-size: 67.481606px 16.076782px; width: 9.463612px; height: 2.2205582px; position: absolute; -webkit-transform: translate3d(-50%,-50%,0px) matrix3d(0.9238162203304375, 0.0, 0.3831827153383807, 0.0, 0.3368684373199709, 0.47481890679820243, -0.8137958916439425, 0.0, -0.18205267190933228, 0.8808799982070923, 0.43859976530075073, 0.0, -2.5409796237945557, -211.23280334472656, 10.732831954956055, 1.0);'></div>
<div id='model_29' style='background-position: 340px 311px; background-size: 67.481606px 16.076782px; width: 10.271563px; height: 2.2219925px; position: absolute; -webkit-transform: translate3d(-50%,-50%,0px) matrix3d(0.9238819298519042, 0.0, 0.3830242074273712, 0.0, 0.336792029065031, 0.4745116626680181, -0.8140076054115621, 0.0, -0.18186022341251373, 0.8810464143753052, 0.4383469223976135, 0.0, -2.8808298110961914, -211.23133850097656, 10.58930492401123, 1.0);'></div>
<div id='model_30' style='background-position: 408px 311px; background-size: 67.481606px 105.36963px; width: 10.27154px; height: 16.600601px; position: absolute; -webkit-transform: translate3d(-50%,-50%,0px) matrix3d(0.9247162075468374, 0.0, 0.38062345733482705, 0.0, -0.018916402798080875, 0.9987781155876833, 0.04565140781985631, 0.0, -0.38015320897102356, -0.04941462352871895, 0.9235884547233582, 0.0, -3.096397638320923, -219.5316925048828, 11.078259468078613, 1.0);'></div>
<div id='model_31' style='background-position: 476px 311px; background-size: 67.481606px 105.36963px; width: 9.929918px; height: 16.600601px; position: absolute; -webkit-transform: translate3d(-50%,-50%,0px) matrix3d(0.9246455103039865, 0.0, 0.3807952130929517, 0.0, -0.018959029274270546, 0.9987726554686102, 0.04575346033814564, 0.0, -0.38032305240631104, -0.04952523857355118, 0.9235126376152039, 0.0, -3.232198715209961, -219.50941467285156, 11.0193452835083, 1.0);'></div>
<div id='model_32' style='background-position: 544px 311px; background-size: 113.254395px 100.55676px; width: 9.58771px; height: 11.649996px; position: absolute; -webkit-transform: translate3d(-50%,-50%,0px) matrix3d(0.9238083746517651, 0.0, 0.383524311738703, 0.0, -0.37991917927513286, 0.122071363971514, 0.9185336346033495, 0.0, -0.04740564897656441, -0.9942573308944702, 0.11252719163894653, 0.0, -0.8582553863525391, -227.99093627929688, 5.6938557624816895, 1.0);'></div>
<div id='model_33' style='background-position: 658px 311px; background-size: 137.72803px 199.57758px; width: 24.042362px; height: 29.025267px; position: absolute; -webkit-transform: translate3d(-50%,-50%,0px) matrix3d(-0.9238928008260743, 0.0, 0.3834221219107336, 0.0, 0.3826348187095239, 0.011167005678480588, 0.9256948628007922, 0.0, -0.003566684201359749, 1.0019534826278687, -0.0106126070022583, 0.0, 6.434524059295654, -1.255089521408081, 13.254929542541504, 1.0);'></div>
<div id='model_34' style='background-position: 796px 311px; background-size: 67.584px 10.342407px; width: 24.845608px; height: 5.8023405px; position: absolute; -webkit-transform: translate3d(-50%,-50%,0px) matrix3d(0.9244544213335024, 0.0, -0.3812708936855205, 0.0, -0.12714905648195013, 0.9431914833161995, -0.306940352975122, 0.0, 0.35944777727127075, 0.3322305977344513, 0.8720053434371948, 0.0, 12.3438138961792, -3.703484535217285, 26.57610511779785, 1.0);'></div>
<div id='model_35' style='background-position: 864px 311px; background-size: 67.584px 10.342407px; width: 25.647331px; height: 5.8026657px; position: absolute; -webkit-transform: translate3d(-50%,-50%,0px) matrix3d(0.9244406967177323, 0.0, -0.3813041644215298, 0.0, -0.12721234279641924, 0.9431443264067184, -0.3070590119491272, 0.0, 0.3594606816768646, 0.33236443996429443, 0.8719490170478821, 0.0, 12.026033401489258, -3.694124221801758, 26.711322784423828, 1.0);'></div>
<div id='model_36' style='background-position: 932px 311px; background-size: 67.584px 295.62885px; width: 25.709335px; height: 103.12346px; position: absolute; -webkit-transform: translate3d(-50%,-50%,0px) matrix3d(0.9246897864649969, 0.0, -0.38068760584982975, 0.0, 0.0, 0.9999987956758892, -0.0014347877069779507, 0.0, 0.38068708777427673, 0.0015662264777347445, 0.9246886372566223, 0.0, 12.400386810302734, -54.80612564086914, 27.62118148803711, 1.0);'></div>
<div id='model_37' style='background-position: 1000px 311px; background-size: 67.584px 295.62885px; width: 25.779615px; height: 103.122635px; position: absolute; -webkit-transform: translate3d(-50%,-50%,0px) matrix3d(0.9247000217437744, 0.0, -0.38066262006759644, 0.0, 0.0, 0.9999987483024597, -0.0015596580924466252, 0.0, 0.38066262006759644, 0.0015596580924466252, 0.9246987700462341, 0.0, 12.417083740234375, -54.67241287231445, 27.614835739135742, 1.0);'></div>
<div id='model_38' style='background-position: 1068px 311px; background-size: 67.584px 56.115173px; width: 25.779627px; height: 19.099358px; position: absolute; -webkit-transform: translate3d(-50%,-50%,0px) matrix3d(0.924592688521861, 0.0, -0.38092578426884405, 0.0, 0.078692934581434, 0.9786319216402277, 0.18995018512506526, 0.0, 0.3727104067802429, -0.2056027203798294, 0.9048672914505005, 0.0, 11.69233512878418, -112.00071716308594, 25.98880958557129, 1.0);'></div>
<div id='model_39' style='background-position: 1136px 311px; background-size: 67.584px 56.115173px; width: 24.147617px; height: 19.099342px; position: absolute; -webkit-transform: translate3d(-50%,-50%,0px) matrix3d(0.9245952834625591, 0.0, -0.3809194281725221, 0.0, 0.07869661346007792, 0.978630111929906, 0.18995814730592103, 0.0, 0.3727031350135803, -0.2056114822626114, 0.9048683047294617, 0.0, 11.011856079101562, -111.97574615478516, 26.274776458740234, 1.0);'></div>
<div id='model_40' style='background-position: 1204px 311px; background-size: 67.584px 177.2544px; width: 22.513481px; height: 44.529434px; position: absolute; -webkit-transform: translate3d(-50%,-50%,0px) matrix3d(0.9244954965741496, 0.0, -0.3811675192776168, 0.0, 0.11398252319071381, 0.9546159640679437, 0.27514794196258696, 0.0, 0.363728791475296, -0.29781946539878845, 0.8825960159301758, 0.0, 8.594425201416016, -140.7721710205078, 18.488224029541016, 1.0);'></div>
<div id='model_41' style='background-position: 1272px 311px; background-size: 67.584px 177.2544px; width: 16.999392px; height: 44.52909px; position: absolute; -webkit-transform: translate3d(-50%,-50%,0px) matrix3d(0.9244794760633579, 0.0, -0.38120636469346214, 0.0, 0.11398888823240569, 0.9546204695077556, 0.2751297243614286, 0.0, 0.36376750469207764, -0.2978050708770752, 0.8825849294662476, 0.0, 6.215765476226807, -140.71441650390625, 19.4881591796875, 1.0);'></div>
<div id='model_42' style='background-position: 1340px 311px; background-size: 67.584px 310.3744px; width: 11.48423px; height: 53.324783px; position: absolute; -webkit-transform: translate3d(-50%,-50%,0px) matrix3d(0.9246755411278805, 0.0, -0.38072236391552444, 0.0, 0.02442392639263891, 0.997962141691673, 0.05894446794816804, 0.0, 0.3799383044242859, -0.06380324065685272, 0.92279452085495, 0.0, 5.587793350219727, -185.76075744628906, 11.225208282470703, 1.0);'></div>
<div id='model_43' style='background-position: 1408px 311px; background-size: 67.584px 310.3744px; width: 10.068602px; height: 53.324646px; position: absolute; -webkit-transform: translate3d(-50%,-50%,0px) matrix3d(0.9246043280506799, 0.0, -0.38089523540590237, 0.0, 0.02442233854042849, 0.9979643382223473, 0.05890744744765761, 0.0, 0.3801116347312927, -0.0637684315443039, 0.9227255582809448, 0.0, 4.983802318572998, -185.68975830078125, 11.47883129119873, 1.0);'></div>
<div id='model_44' style='background-position: 1476px 311px; background-size: 67.584px 16.076782px; width: 9.461788px; height: 2.2230377px; position: absolute; -webkit-transform: translate3d(-50%,-50%,0px) matrix3d(0.9237737806676908, 0.0, -0.38328568138345154, 0.0, -0.337067716069072, 0.47428794925098783, -0.8140244250005546, 0.0, 0.18189901113510132, 0.8811676502227783, 0.43808871507644653, 0.0, 5.677898406982422, -211.23312377929688, 10.446451187133789, 1.0);'></div>
<div id='model_45' style='background-position: 1544px 311px; background-size: 67.584px 16.076782px; width: 10.271563px; height: 2.2206802px; position: absolute; -webkit-transform: translate3d(-50%,-50%,0px) matrix3d(0.9238820231767767, 0.0, -0.3830237002387029, 0.0, -0.33673402170000527, 0.474792638142016, -0.8138669721910574, 0.0, 0.1819671392440796, 0.8808941841125488, 0.43860673904418945, 0.0, 5.335818767547607, -211.23101806640625, 10.58565902709961, 1.0);'></div>
<div id='model_46' style='background-position: 1612px 311px; background-size: 67.584px 105.36963px; width: 10.271542px; height: 16.60057px; position: absolute; -webkit-transform: translate3d(-50%,-50%,0px) matrix3d(0.9247163671003111, 0.0, -0.38062309681833273, 0.0, 0.0189486030280989, 0.9987728393794236, 0.04575351193136481, 0.0, 0.38015124201774597, -0.049521297216415405, 0.9235835671424866, 0.0, 5.527716636657715, -219.53160095214844, 11.080852508544922, 1.0);'></div>
<div id='model_47' style='background-position: 1680px 311px; background-size: 67.584px 105.36963px; width: 9.929293px; height: 16.600494px; position: absolute; -webkit-transform: translate3d(-50%,-50%,0px) matrix3d(0.9246455342680924, 0.0, -0.38079506693736276, 0.0, 0.018914176812964673, 0.9987783350659122, 0.04564831398566164, 0.0, 0.3803251385688782, -0.04941093549132347, 0.9235178828239441, 0.0, 5.390930652618408, -219.50950622558594, 11.138323783874512, 1.0);'></div>
<div id='model_48' style='background-position: 1748px 311px; background-size: 86.220825px 119.60315px; width: 9.587711px; height: 11.638601px; position: absolute; -webkit-transform: translate3d(-50%,-50%,0px) matrix3d(0.9238083519673631, 0.0, -0.38352435416342473, 0.0, 0.37991357815791504, 0.12219280264649669, 0.9185194961841368, 0.0, 0.04745205119252205, -0.9942420721054077, 0.11263948678970337, 0.0, 3.3042922019958496, -227.9910125732422, 5.698893070220947, 1.0);'></div>
<div id='model_49' style='background-position: 0px 622px; background-size: 186.88px 159.02716px; width: 24.045631px; height: 29.024588px; position: absolute; -webkit-transform: translate3d(-50%,-50%,0px) matrix3d(-0.382725814527329, 0.0018532077333867111, 0.9257135008642112, 0.0, 0.9238220081418783, 0.010070112207593332, 0.38345754782139263, 0.0, -0.008611412718892097, 1.0019536018371582, -0.005566120147705078, 0.0, 13.806588172912598, -1.2550925016403198, 5.882864952087402, 1.0);'></div>
<div id='model_50' style='background-position: 187px 622px; background-size: 67.4816px 10.342407px; width: 24.847404px; height: 5.8023357px; position: absolute; -webkit-transform: translate3d(-50%,-50%,0px) matrix3d(0.382078893758476, 0.0, -0.9251616405696134, 0.0, -0.3082654022773179, 0.9426906020851451, -0.12784088259093937, 0.0, 0.8721721172332764, 0.33404064178466797, 0.3601076006889343, 0.0, 27.406835556030273, -3.702545404434204, 11.125609397888184, 1.0);'></div>
<div id='model_51' style='background-position: 255px 622px; background-size: 67.4816px 10.342407px; width: 25.647362px; height: 5.8025093px; position: absolute; -webkit-transform: translate3d(-50%,-50%,0px) matrix3d(0.3820592448236565, 0.0, -0.9251697967026673, 0.0, -0.3083421324090244, 0.9426622577980617, -0.1278650469513716, 0.0, 0.8721535801887512, 0.33412086963653564, 0.36007821559906006, 0.0, 27.272727966308594, -3.695216655731201, 11.442914009094238, 1.0);'></div>
<div id='model_52' style='background-position: 323px 622px; background-size: 67.4816px 295.62885px; width: 25.721653px; height: 103.12262px; position: absolute; -webkit-transform: translate3d(-50%,-50%,0px) matrix3d(0.3821071841407285, 0.0, -0.9250951600227397, 0.0, -0.0014217150974563256, 0.9999987590114644, 0.0, 0.0, 0.9250940680503845, 0.0015698859933763742, 0.38210660219192505, 0.0, 28.18416976928711, -54.805259704589844, 11.822195053100586, 1.0);'></div>
<div id='model_53' style='background-position: 391px 622px; background-size: 67.4816px 295.62885px; width: 25.78294px; height: 103.12262px; position: absolute; -webkit-transform: translate3d(-50%,-50%,0px) matrix3d(0.38213136283177784, 0.0, -0.9250849987936349, 0.0, -0.0014400269940510206, 0.9999987570177663, 0.0, 0.0, 0.9250838756561279, 0.0015634194714948535, 0.38213086128234863, 0.0, 28.18485450744629, -54.66870880126953, 11.820024490356445, 1.0);'></div>
<div id='model_54' style='background-position: 459px 622px; background-size: 67.4816px 56.115173px; width: 25.78294px; height: 19.09935px; position: absolute; -webkit-transform: translate3d(-50%,-50%,0px) matrix3d(0.382111681900823, 0.0, -0.9251138353110107, 0.0, 0.19087316622842904, 0.9784249620509474, 0.07915534586129516, 0.0, 0.9051653742790222, -0.20682558417320251, 0.3738412857055664, 0.0, 26.527284622192383, -112.0005874633789, 11.168502807617188, 1.0);'></div>
<div id='model_55' style='background-position: 527px 622px; background-size: 67.4816px 56.115173px; width: 24.148987px; height: 19.099052px; position: absolute; -webkit-transform: translate3d(-50%,-50%,0px) matrix3d(0.3820561555452934, 0.0, -0.9251369501698083, 0.0, 0.19081116322180153, 0.9784401943495318, 0.0791158615830505, 0.0, 0.9052020907402039, -0.20675316452980042, 0.3737928867340088, 0.0, 26.2490234375, -111.97561645507812, 11.853297233581543, 1.0);'></div>
<div id='model_56' style='background-position: 595px 622px; background-size: 67.4816px 177.2544px; width: 22.513512px; height: 44.52996px; position: absolute; -webkit-transform: translate3d(-50%,-50%,0px) matrix3d(0.3820363348207601, 0.0, -0.9251684160012398, 0.0, 0.2763430189839069, 0.9542191615754804, 0.11458293962263341, 0.0, 0.8828376531600952, -0.2994386851787567, 0.36448800563812256, 0.0, 19.0306453704834, -140.77125549316406, 8.054924964904785, 1.0);'></div>
<div id='model_57' style='background-position: 663px 622px; background-size: 67.4816px 177.2544px; width: 17.000542px; height: 44.529137px; position: absolute; -webkit-transform: translate3d(-50%,-50%,0px) matrix3d(0.38188894378003496, 0.0, -0.9252295888852662, 0.0, 0.2763100072233493, 0.9542365171314195, 0.1145180619860455, 0.0, 0.8829120993614197, -0.29938337206840515, 0.36435389518737793, 0.0, 18.058908462524414, -140.71434020996094, 10.44547176361084, 1.0);'></div>
<div id='model_58' style='background-position: 731px 622px; background-size: 67.4816px 310.3744px; width: 11.483299px; height: 53.324554px; position: absolute; -webkit-transform: translate3d(-50%,-50%,0px) matrix3d(0.38192622787574493, 0.0, -0.9251724139842644, 0.0, 0.05920971653191254, 0.9979445634506269, 0.024538425456358245, 0.0, 0.9232717752456665, -0.06415106356143951, 0.38113880157470703, 0.0, 11.77221965789795, -185.7606964111328, 5.046814918518066, 1.0);'></div>
<div id='model_59' style='background-position: 799px 622px; background-size: 67.4816px 310.3744px; width: 10.067549px; height: 53.324814px; position: absolute; -webkit-transform: translate3d(-50%,-50%,0px) matrix3d(0.3822863833718788, 0.0, -0.9250225024237788, 0.0, 0.059266974931345154, 0.9979398592420419, 0.02459094338673467, 0.0, 0.9231178760528564, -0.06422407180070877, 0.3814963102340698, 0.0, 11.526001930236816, -185.68971252441406, 5.652866363525391, 1.0);'></div>
<div id='model_60' style='background-position: 867px 622px; background-size: 67.4816px 16.076782px; width: 9.46152px; height: 2.2204742px; position: absolute; -webkit-transform: translate3d(-50%,-50%,0px) matrix3d(0.3822729893211584, -0.0011984687094311886, -0.9255132404008614, 0.0, -0.8130888953306263, 0.4746866243226059, -0.33751938254667485, 0.0, 0.43973326683044434, 0.881549060344696, 0.18048542737960815, 0.0, 11.285062789916992, -211.2328338623047, 4.43156099319458, 1.0);'></div>
<div id='model_61' style='background-position: 935px 622px; background-size: 67.4816px 16.076782px; width: 10.2715645px; height: 2.2228394px; position: absolute; -webkit-transform: translate3d(-50%,-50%,0px) matrix3d(0.3820120954755212, -0.0011998478929776124, -0.9256220935652617, 0.0, -0.8134344117012122, 0.47418374500796834, -0.33739350599193546, 0.0, 0.43931978940963745, 0.8818212747573853, 0.18016791343688965, 0.0, 11.141117095947266, -211.2313995361328, 4.772397041320801, 1.0);'></div>
<div id='model_62' style='background-position: 1003px 622px; background-size: 67.4816px 105.36963px; width: 10.271563px; height: 16.60054px; position: absolute; -webkit-transform: translate3d(-50%,-50%,0px) matrix3d(0.3820249379791837, 0.0, -0.9251305960056471, 0.0, 0.04590488176367928, 0.9987648942847634, 0.019030756758894585, 0.0, 0.9239885807037354, -0.049738235771656036, 0.3815516233444214, 0.0, 11.628729820251465, -219.53158569335938, 4.987477779388428, 1.0);'></div>
<div id='model_63' style='background-position: 1071px 622px; background-size: 67.4816px 105.36963px; width: 9.929903px; height: 16.600632px; position: absolute; -webkit-transform: translate3d(-50%,-50%,0px) matrix3d(0.38219771153091164, 0.0, -0.9250587057539852, 0.0, 0.04600342580784858, 0.9987593891391657, 0.01908296949539683, 0.0, 0.9239116907119751, -0.049849338829517365, 0.38172203302383423, 0.0, 11.573095321655273, -219.50950622558594, 5.12456750869751, 1.0);'></div>
<div id='model_64' style='background-position: 1139px 622px; background-size: 95.33441px 119.60315px; width: 9.587711px; height: 11.641283px; position: absolute; -webkit-transform: translate3d(-50%,-50%,0px) matrix3d(0.382583747408803, 0.0017182328886641701, -0.9256750097050629, 0.0, 0.916825099517962, 0.1229913065404135, 0.3805967735486816, 0.0, 0.11450392752885818, -0.9942921996116638, 0.0454791784286499, 0.0, 6.24997615814209, -227.99098205566406, 2.7515504360198975, 1.0);'></div>
<div id='model_65' style='background-position: 1235px 622px; background-size: 187.28961px 146.63678px; width: 24.045626px; height: 29.02459px; position: absolute; -webkit-transform: translate3d(-50%,-50%,0px) matrix3d(0.3826939927696617, 0.0018368377155049333, 0.9257136570917236, 0.0, 0.923835199613127, 0.008541587018160992, -0.38345748215637226, 0.0, -0.008611412718892097, 1.0019537210464478, 0.0015718936920166016, 0.0, 13.80659008026123, -1.2550901174545288, -4.54336404800415, 1.0);'></div>
<div id='model_66' style='background-position: 1423px 622px; background-size: 67.4816px 10.342407px; width: 24.845587px; height: 5.802514px; position: absolute; -webkit-transform: translate3d(-50%,-50%,0px) matrix3d(-0.3848901064364698, 0.0, -0.9251616625176475, 0.0, -0.30795342945885607, 0.9428102094172369, 0.12787213285468563, 0.0, 0.8721449971199036, 0.3341234624385834, -0.36313557624816895, 0.0, 27.130826950073242, -3.702542781829834, -10.453079223632812, 1.0);'></div>
<div id='model_67' style='background-position: 1491px 622px; background-size: 67.4816px 10.342407px; width: 25.64736px; height: 5.8023386px; position: absolute; -webkit-transform: translate3d(-50%,-50%,0px) matrix3d(-0.38487043013761524, 0.0, -0.9251696447878128, 0.0, -0.3078821632443287, 0.942838483450802, 0.127834964591295, 0.0, 0.8721787929534912, 0.33404311537742615, -0.3631277084350586, 0.0, 27.26067543029785, -3.695218563079834, -10.133124351501465, 1.0);'></div>
<div id='model_68' style='background-position: 1559px 622px; background-size: 67.4816px 295.62885px; width: 25.71435px; height: 103.12263px; position: absolute; -webkit-transform: translate3d(-50%,-50%,0px) matrix3d(-0.3850315265231088, 0.0, -0.9250953054544744, 0.0, -0.0014349890779998104, 0.9999987729600309, 0.0, 0.0, 0.9250941872596741, 0.0015541039174422622, -0.3850311040878296, 0.0, 28.172542572021484, -54.80604553222656, -10.508758544921875, 1.0);'></div>
<div id='model_69' style='background-position: 1627px 622px; background-size: 67.4816px 295.62885px; width: 25.780632px; height: 103.12262px; position: absolute; -webkit-transform: translate3d(-50%,-50%,0px) matrix3d(-0.38508967345308637, 0.0, -0.9250709487187705, 0.0, -0.001448727341168101, 0.9999987688658104, 0.0, 0.0, 0.9250698089599609, 0.0015698455972597003, -0.3850891590118408, 0.0, 28.1712589263916, -54.66868591308594, -10.511368751525879, 1.0);'></div>
<div id='model_70' style='background-position: 1695px 622px; background-size: 67.4816px 56.115173px; width: 25.780624px; height: 19.0989px; position: absolute; -webkit-transform: translate3d(-50%,-50%,0px) matrix3d(-0.3850289568776077, 0.0, -0.9250996649255507, 0.0, 0.19051993727574001, 0.9785049578754818, -0.07911896737731966, 0.0, 0.9051734209060669, -0.20671303570270538, -0.37685203552246094, 0.0, 26.53976821899414, -112.00057983398438, -9.800443649291992, 1.0);'></div>
<div id='model_71' style='background-position: 1763px 622px; background-size: 67.4816px 56.115173px; width: 24.147453px; height: 19.09938px; position: absolute; -webkit-transform: translate3d(-50%,-50%,0px) matrix3d(-0.3849392721462835, 0.0, -0.9251369077890801, 0.0, 0.1906359870300126, 0.97848023870004, -0.07914535425219582, 0.0, 0.9051869511604309, -0.20683053135871887, -0.37675487995147705, 0.0, 26.827030181884766, -111.9756088256836, -9.120109558105469, 1.0);'></div>
<div id='model_72' style='background-position: 1831px 622px; background-size: 67.4816px 177.2544px; width: 22.513508px; height: 44.529404px; position: absolute; -webkit-transform: translate3d(-50%,-50%,0px) matrix3d(-0.3848714905493021, 0.0, -0.9251681862920371, 0.0, 0.275957401710803, 0.95434996094041, -0.11456849137655545, 0.0, 0.8828482627868652, -0.2994011640548706, -0.367509126663208, 0.0, 19.03729820251465, -140.771240234375, -6.701605319976807, 1.0);'></div>
<div id='model_73' style='background-position: 1899px 622px; background-size: 67.4816px 177.2544px; width: 16.996258px; height: 44.530212px; position: absolute; -webkit-transform: translate3d(-50%,-50%,0px) matrix3d(-0.38472460082739424, 0.0, -0.9252297632922365, 0.0, 0.2760267373119552, 0.954332610161932, -0.11454589473099874, 0.0, 0.8828909993171692, -0.29945677518844604, -0.367362380027771, 0.0, 20.040435791015625, -140.71434020996094, -4.324025630950928, 1.0);'></div>
<div id='model_74' style='background-position: 0px 933px; background-size: 67.4816px 310.3744px; width: 11.483299px; height: 53.324768px; position: absolute; -webkit-transform: translate3d(-50%,-50%,0px) matrix3d(-0.3848473813013554, 0.0, -0.9251725128102819, 0.0, 0.05919024942804996, 0.9979459202848726, -0.024562167116568737, 0.0, 0.9232681393623352, -0.06421387195587158, -0.38406646251678467, 0.0, 11.775172233581543, -185.76071166992188, -3.6960608959198, 1.0);'></div>
<div id='model_75' style='background-position: 68px 933px; background-size: 67.4816px 310.3744px; width: 10.067351px; height: 53.324524px; position: absolute; -webkit-transform: translate3d(-50%,-50%,0px) matrix3d(-0.38520575054370504, 0.0, -0.9250226280999994, 0.0, 0.059113563212858926, 0.9979506372436803, -0.02455659931692357, 0.0, 0.9231228828430176, -0.06414072215557098, -0.3844259977340698, 0.0, 12.02989673614502, -185.68972778320312, -3.092050790786743, 1.0);'></div>
<div id='model_76' style='background-position: 136px 933px; background-size: 67.4816px 16.076782px; width: 9.461789px; height: 2.2230377px; position: absolute; -webkit-transform: translate3d(-50%,-50%,0px) matrix3d(-0.38384200895479015, -0.0019502062263890563, -0.9255137939583783, 0.0, -0.8127885318545892, 0.47528954960784836, 0.3376323479755088, 0.0, 0.4392285645008087, 0.8818444609642029, -0.1840212345123291, 0.0, 10.998847961425781, -211.23281860351562, -3.786314010620117, 1.0);'></div>
<div id='model_77' style='background-position: 204px 933px; background-size: 67.4816px 16.076782px; width: 10.2715645px; height: 2.2206726px; position: absolute; -webkit-transform: translate3d(-50%,-50%,0px) matrix3d(-0.38358267287591424, -0.0019503049860078725, -0.9256217452040907, 0.0, -0.8126329654424934, 0.4757912978836192, 0.3372983587788623, 0.0, 0.4397449791431427, 0.8815725445747375, -0.18409013748168945, 0.0, 11.13774299621582, -211.23143005371094, -3.443991184234619, 1.0);'></div>
<div id='model_78' style='background-position: 272px 933px; background-size: 67.4816px 105.36963px; width: 10.271564px; height: 16.600586px; position: absolute; -webkit-transform: translate3d(-50%,-50%,0px) matrix3d(-0.38494767390589035, 0.0, -0.9251305915441687, 0.0, 0.0459438003385398, 0.9987628319509921, -0.01907150949278185, 0.0, 0.923983633518219, -0.04984555020928383, -0.38447725772857666, 0.0, 11.632851600646973, -219.53158569335938, -3.6358492374420166, 1.0);'></div>
<div id='model_79' style='background-position: 340px 933px; background-size: 67.4816px 105.36963px; width: 9.929328px; height: 16.600494px; position: absolute; -webkit-transform: translate3d(-50%,-50%,0px) matrix3d(-0.3851192257065108, 0.0, -0.9250588328876053, 0.0, 0.04583822188492774, 0.9987683248421708, -0.019036527803804437, 0.0, 0.9239170551300049, -0.04973438382148743, -0.38465070724487305, 0.0, 11.690580368041992, -219.50950622558594, -3.4991812705993652, 1.0);'></div>
<div id='model_80' style='background-position: 408px 933px; background-size: 113.254395px 91.34082px; width: 9.587711px; height: 11.656477px; position: absolute; -webkit-transform: translate3d(-50%,-50%,0px) matrix3d(-0.383004252839992, 0.0019356981343617505, -0.925675074073024, 0.0, 0.916670725197813, 0.1243324098499873, -0.380604533751727, 0.0, 0.1143546849489212, -0.9943124055862427, -0.04939424991607666, 0.0, 6.243303298950195, -227.9910125732422, -1.4092822074890137, 1.0);'></div>
<div id='model_81' style='background-position: 522px 933px; background-size: 149.40161px 198.96326px; width: 24.042362px; height: 29.025267px; position: absolute; -webkit-transform: translate3d(-50%,-50%,0px) matrix3d(0.9238875236324542, 0.0, 0.3834217725415776, 0.0, 0.38264761182352175, 0.007477429383216735, -0.9256950075037763, 0.0, -0.003566682804375887, 1.0019534826278687, 0.006619095802307129, 0.0, 6.434530735015869, -1.255089521408081, -11.915426254272461, 1.0);'></div>
<div id='model_82' style='background-position: 672px 933px; background-size: 67.583984px 10.342407px; width: 24.844002px; height: 5.8023434px; position: absolute; -webkit-transform: translate3d(-50%,-50%,0px) matrix3d(-0.9243357968154274, 0.0, -0.3812682575089126, 0.0, -0.12728900019555328, 0.9430535671836012, 0.3070721097202764, 0.0, 0.3594295382499695, 0.33236902952194214, -0.8717508316040039, 0.0, 11.676681518554688, -3.7025256156921387, -25.516260147094727, 1.0);'></div>
